Zeit (s) Messreihe #2	Spannung, Ch A (V) Messreihe #2	Spannung, Ch B (V) Messreihe #2
0,000	-0,009	4,163E-5
0,050	-0,009	-5,016E-4
0,100	-0,011	-1,183E-4
0,150	-0,026	-5,175E-4
0,200	-0,039	1,356E-4
0,250	-0,040	-3,514E-4
0,300	-0,047	-3,856E-4
0,350	-0,075	-4,174E-4
0,400	-0,086	1,599E-5
0,450	-0,115	-3,026E-4
0,500	-0,145	1,124E-4
0,550	-0,151	-2,465E-4
0,600	-0,151	6,116E-5
0,650	-0,152	-5,419E-4
0,700	-0,152	-5,223E-4
0,750	-0,152	-3,282E-4
0,800	-0,218	-3,734E-4
0,850	-0,289	-4,869E-4
0,900	-0,324	1,843E-5
0,950	-0,346	-6,212E-4
1,000	-0,352	-1,183E-4
1,050	-0,371	-6,505E-4
1,100	-0,414	-2,831E-4
1,150	-0,464	-5,065E-4
1,200	-0,499	-1,134E-4
1,250	-0,556	-6,774E-4
1,300	-0,625	-4,186E-4
1,350	-0,689	-0,001
1,400	-0,736	-6,334E-4
1,450	-0,776	-8,458E-4
1,500	-0,797	-4,454E-4
1,550	-0,797	-4,686E-4
1,600	-0,805	-2,269E-4
1,650	-0,815	-7,543E-4
1,700	-0,815	-4,735E-4
1,750	-0,815	-5,602E-4
1,800	-0,815	-4,088E-4
1,850	-0,814	-5,297E-4
1,900	-0,808	-4,015E-4
1,950	-0,830	-5,223E-4
2,000	-0,879	-3,026E-4
2,050	-0,905	-4,930E-4
2,100	-0,909	-6,530E-4
2,150	-0,909	-7,238E-4
2,200	-0,922	-5,638E-4
2,250	-0,944	-4,589E-4
2,300	-0,966	-6,859E-4
2,350	-0,986	-4,515E-4
2,400	-0,997	-8,788E-4
2,450	-1,013	-6,359E-4
2,500	-1,034	-7,115E-4
2,550	-1,054	-7,054E-4
2,600	-1,091	-7,994E-4
2,650	-1,117	-3,319E-4
2,700	-1,133	-8,116E-4
2,750	-1,178	-0,001
2,800	-1,213	-7,848E-4
2,850	-1,279	-8,617E-4
2,900	-1,330	-0,001
2,950	-1,330	-5,870E-4
3,000	-1,331	-0,001
3,050	-1,330	-7,335E-4
3,100	-1,330	-7,653E-4
3,150	-1,331	-9,130E-4
3,200	-1,330	-9,716E-4
3,250	-1,350	-6,957E-4
3,300	-1,413	-9,484E-4
3,350	-1,456	-5,699E-4
3,400	-1,489	-0,001
3,450	-1,497	-8,788E-4
3,500	-1,504	-9,252E-4
3,550	-1,538	-9,032E-4
3,600	-1,553	-0,001
3,650	-1,581	-6,993E-4
3,700	-1,637	-0,001
3,750	-1,679	-7,286E-4
3,800	-1,720	-0,001
3,850	-1,760	-6,371E-4
3,900	-1,800	-0,001
3,950	-1,827	-0,001
4,000	-1,829	-0,001
4,050	-1,829	-9,374E-4
4,100	-1,829	-0,001
4,150	-1,829	-7,469E-4
4,200	-1,829	-0,001
4,250	-1,830	-8,593E-4
4,300	-1,830	-0,002
4,350	-1,833	-6,810E-4
4,400	-1,869	-0,001
4,450	-1,923	-9,728E-4
4,500	-1,947	-0,001
4,550	-1,948	-7,701E-4
4,600	-1,956	-0,002
4,650	-1,977	-7,811E-4
4,700	-2,009	-0,001
4,750	-2,049	-8,068E-4
4,800	-2,053	-0,002
4,850	-2,054	-8,556E-4
4,900	-2,055	-0,002
4,950	-2,055	-9,154E-4
5,000	-2,055	-0,002
5,050	-2,055	-9,337E-4
5,100	-2,055	-0,001
5,150	-2,067	-5,809E-4
5,200	-2,115	-0,001
5,250	-2,183	-9,740E-4
5,300	-2,252	-0,002
5,350	-2,270	-8,617E-4
5,400	-2,281	-0,002
5,450	-2,316	-6,664E-4
5,500	-2,348	-0,002
5,550	-2,378	-8,910E-4
5,600	-2,421	-0,002
5,650	-2,447	-9,020E-4
5,700	-2,479	-0,002
5,750	-2,504	-0,001
5,800	-2,507	-0,002
5,850	-2,556	-8,934E-4
5,900	-2,597	-0,002
5,950	-2,629	-8,690E-4
6,000	-2,653	-0,002
6,050	-2,700	-0,001
6,100	-2,735	-0,002
6,150	-2,760	-9,484E-4
6,200	-2,788	-0,002
6,250	-2,818	-0,001
6,300	-2,844	-0,002
6,350	-2,873	-0,001
6,400	-2,901	-0,002
6,450	-2,920	-0,001
6,500	-2,924	-0,002
6,550	-2,923	-9,337E-4
6,600	-2,924	-0,002
6,650	-2,924	-0,001
6,700	-2,924	-0,002
6,750	-2,923	-9,325E-4
6,800	-2,923	-0,002
6,850	-2,930	-0,001
6,900	-2,995	-0,002
6,950	-3,061	-0,001
7,000	-3,068	-0,002
7,050	-3,088	-0,001
7,100	-3,119	-0,002
7,150	-3,147	-0,001
7,200	-3,192	-0,002
7,250	-3,255	-0,001
7,300	-3,293	-0,002
7,350	-3,311	-0,001
7,400	-3,344	-0,002
7,450	-3,368	-0,001
7,500	-3,394	-0,002
7,550	-3,433	-0,001
7,600	-3,435	-0,003
7,650	-3,434	-0,001
7,700	-3,434	-0,002
7,750	-3,435	-0,001
7,800	-3,434	-0,002
7,850	-3,438	-0,001
7,900	-3,454	-0,002
7,950	-3,487	-0,001
8,000	-3,525	-0,002
8,050	-3,568	-0,001
8,100	-3,617	-0,003
8,150	-3,662	-0,001
8,200	-3,685	-0,002
8,250	-3,715	-0,001
8,300	-3,738	-0,003
8,350	-3,755	-0,002
8,400	-3,801	-0,002
8,450	-3,835	-0,001
8,500	-3,877	-0,002
8,550	-3,904	-0,001
8,600	-3,907	-0,003
8,650	-3,907	-0,001
8,700	-3,907	-0,003
8,750	-3,907	-0,002
8,800	-3,907	-0,003
8,850	-3,906	-0,001
8,900	-3,908	-0,003
8,950	-3,959	-0,001
9,000	-4,043	-0,003
9,050	-4,091	-0,002
9,100	-4,119	-0,003
9,150	-4,121	-0,002
9,200	-4,121	-0,003
9,250	-4,121	-0,002
9,300	-4,121	-0,003
9,350	-4,121	-0,002
9,400	-4,121	-0,003
9,450	-4,125	-0,002
9,500	-4,144	-0,003
9,550	-4,191	-0,002
9,600	-4,239	-0,003
9,650	-4,265	-0,002
9,700	-4,299	-0,003
9,750	-4,343	-0,002
9,800	-4,372	-0,003
9,850	-4,416	-0,002
9,900	-4,446	-0,003
9,950	-4,490	-0,002
10,000	-4,548	-0,003
10,050	-4,589	-0,002
10,100	-4,622	-0,003
10,150	-4,638	-0,002
10,200	-4,676	-0,003
10,250	-4,719	-0,002
10,300	-4,774	-0,003
10,350	-4,806	-0,002
10,400	-4,810	-0,003
10,450	-4,810	-0,002
10,500	-4,810	-0,003
10,550	-4,811	-0,002
10,600	-4,816	-0,003
10,650	-4,822	-0,002
10,700	-4,822	-0,003
10,750	-4,823	-0,002
10,800	-4,838	-0,003
10,850	-4,890	-0,002
10,900	-4,958	-0,003
10,950	-5,022	-0,002
11,000	-5,083	-0,003
11,050	-5,166	-0,002
11,100	-5,241	-0,003
11,150	-5,334	-0,002
11,200	-5,410	-0,003
11,250	-5,436	-0,002
11,300	-5,436	-0,003
11,350	-5,436	-0,002
11,400	-5,436	-0,003
11,450	-5,436	-0,002
11,500	-5,437	-0,003
11,550	-5,462	-0,002
11,600	-5,523	-0,003
11,650	-5,641	-0,003
11,700	-5,780	-0,003
11,750	-5,857	-0,002
11,800	-5,895	-0,003
11,850	-5,911	-0,003
11,900	-5,940	-0,004
11,950	-5,975	-0,003
12,000	-5,996	-0,004
12,050	-5,997	-0,003
12,100	-5,996	-0,003
12,150	-5,997	-0,003
12,200	-6,001	-0,004
12,250	-6,020	-0,003
12,300	-6,086	-0,004
12,350	-6,158	-0,003
12,400	-6,222	-0,004
12,450	-6,269	-0,003
12,500	-6,294	-0,004
12,550	-6,340	-0,003
12,600	-6,395	-0,004
12,650	-6,463	-0,003
12,700	-6,519	-0,004
12,750	-6,568	-0,003
12,800	-6,593	-0,004
12,850	-6,607	-0,003
12,900	-6,614	-0,004
12,950	-6,619	-0,003
13,000	-6,621	-0,004
13,050	-6,622	-0,003
13,100	-6,623	-0,004
13,150	-6,623	-0,003
13,200	-6,624	-0,004
13,250	-6,624	-0,003
13,300	-6,624	-0,004
13,350	-6,624	-0,003
13,400	-6,624	-0,004
13,450	-6,625	-0,003
13,500	-6,625	-0,004
13,550	-6,625	-0,003
13,600	-6,625	-0,004
13,650	-6,625	-0,003
13,700	-6,625	-0,004
13,750	-6,625	-0,003
13,800	-6,626	-0,004
13,850	-6,626	-0,003
13,900	-6,626	-0,004
13,950	-6,626	-0,003
14,000	-6,626	-0,004
14,050	-6,626	-0,003
14,100	-6,626	-0,004
14,150	-6,627	-0,003
14,200	-6,626	-0,004
14,250	-6,627	-0,003
14,300	-6,627	-0,004
14,350	-6,627	-0,003
14,400	-6,626	-0,004
14,450	-6,627	-0,003
14,500	-6,626	-0,003
14,550	-6,627	-0,003
14,600	-6,627	-0,004
14,650	-6,627	-0,003
14,700	-6,627	-0,004
14,750	-6,627	-0,003
14,800	-6,627	-0,004
14,850	-6,627	-0,003
14,900	-6,627	-0,003
14,950	-6,627	-0,003
15,000	-6,627	-0,004
15,050	-6,627	-0,003
15,100	-6,627	-0,004
15,150	-6,627	-0,003
15,200	-6,627	-0,004
15,250	-6,627	-0,003
15,300	-6,628	-0,004
15,350	-6,628	-0,003
15,400	-6,628	-0,004
15,450	-6,591	-0,003
15,500	-6,417	-0,004
15,550	-6,336	-0,003
15,600	-6,334	-0,004
15,650	-6,333	-0,003
15,700	-6,333	-0,004
15,750	-6,333	-0,003
15,800	-6,333	-0,003
15,850	-6,333	-0,003
15,900	-6,333	-0,003
15,950	-6,334	-0,003
16,000	-6,333	-0,003
16,050	-6,315	-0,003
16,100	-6,286	-0,003
16,150	-6,244	-0,003
16,200	-6,226	-0,003
16,250	-6,226	-0,003
16,300	-6,221	-0,003
16,350	-6,187	-0,003
16,400	-6,119	-0,003
16,450	-6,056	-0,003
16,500	-6,030	-0,003
16,550	-6,030	-0,003
16,600	-6,010	-0,003
16,650	-5,977	-0,003
16,700	-5,955	-0,003
16,750	-5,910	-0,003
16,800	-5,905	-0,003
16,850	-5,895	-0,003
16,900	-5,878	-0,003
16,950	-5,868	-0,003
17,000	-5,844	-0,003
17,050	-5,843	-0,003
17,100	-5,843	-0,003
17,150	-5,843	-0,003
17,200	-5,843	-0,003
17,250	-5,843	-0,003
17,300	-5,843	-0,003
17,350	-5,833	-0,003
17,400	-5,805	-0,003
17,450	-5,803	-0,003
17,500	-5,764	-0,003
17,550	-5,706	-0,003
17,600	-5,669	-0,003
17,650	-5,632	-0,003
17,700	-5,609	-0,003
17,750	-5,565	-0,003
17,800	-5,532	-0,003
17,850	-5,530	-0,002
17,900	-5,519	-0,003
17,950	-5,486	-0,003
18,000	-5,464	-0,003
18,050	-5,442	-0,003
18,100	-5,408	-0,003
18,150	-5,354	-0,003
18,200	-5,283	-0,003
18,250	-5,261	-0,003
18,300	-5,227	-0,003
18,350	-5,151	-0,003
18,400	-5,102	-0,003
18,450	-5,057	-0,002
18,500	-5,018	-0,002
18,550	-4,995	-0,002
18,600	-4,958	-0,002
18,650	-4,920	-0,002
18,700	-4,875	-0,002
18,750	-4,838	-0,003
18,800	-4,813	-0,003
18,850	-4,787	-0,003
18,900	-4,763	-0,002
18,950	-4,749	-0,003
19,000	-4,748	-0,003
19,050	-4,748	-0,003
19,100	-4,748	-0,002
19,150	-4,748	-0,003
19,200	-4,748	-0,002
19,250	-4,740	-0,002
19,300	-4,691	-0,002
19,350	-4,673	-0,003
19,400	-4,671	-0,002
19,450	-4,636	-0,003
19,500	-4,588	-0,002
19,550	-4,546	-0,003
19,600	-4,522	-0,002
19,650	-4,496	-0,003
19,700	-4,429	-0,002
19,750	-4,385	-0,002
19,800	-4,376	-0,002
19,850	-4,372	-0,002
19,900	-4,347	-0,002
19,950	-4,307	-0,002
20,000	-4,292	-0,002
20,050	-4,267	-0,002
20,100	-4,247	-0,002
20,150	-4,224	-0,002
20,200	-4,217	-0,002
20,250	-4,215	-0,002
20,300	-4,207	-0,002
20,350	-4,172	-0,002
20,400	-4,169	-0,002
20,450	-4,122	-0,002
20,500	-4,090	-0,002
20,550	-4,081	-0,002
20,600	-4,037	-0,002
20,650	-4,025	-0,002
20,700	-3,989	-0,002
20,750	-3,913	-0,002
20,800	-3,899	-0,001
20,850	-3,864	-0,002
20,900	-3,816	-0,001
20,950	-3,789	-0,002
21,000	-3,783	-0,001
21,050	-3,783	-0,002
21,100	-3,781	-0,002
21,150	-3,761	-0,002
21,200	-3,724	-0,001
21,250	-3,704	-0,002
21,300	-3,683	-0,001
21,350	-3,643	-0,002
21,400	-3,603	-0,001
21,450	-3,553	-0,002
21,500	-3,510	-0,001
21,550	-3,479	-0,002
21,600	-3,471	-0,001
21,650	-3,456	-0,002
21,700	-3,428	-0,001
21,750	-3,427	-0,002
21,800	-3,427	-0,001
21,850	-3,428	-0,002
21,900	-3,414	-0,001
21,950	-3,403	-0,002
22,000	-3,379	-9,667E-4
22,050	-3,275	-0,002
22,100	-3,210	-0,001
22,150	-3,171	-0,002
22,200	-3,153	-0,001
22,250	-3,136	-0,002
22,300	-3,125	-0,001
22,350	-3,120	-0,002
22,400	-3,118	-8,800E-4
22,450	-3,093	-0,002
22,500	-3,055	-0,001
22,550	-2,996	-0,002
22,600	-2,965	-9,105E-4
22,650	-2,912	-0,002
22,700	-2,870	-7,531E-4
22,750	-2,820	-0,002
22,800	-2,805	-7,909E-4
22,850	-2,805	-0,002
22,900	-2,805	-0,001
22,950	-2,794	-0,002
23,000	-2,783	-8,898E-4
23,050	-2,783	-0,002
23,100	-2,782	-8,373E-4
23,150	-2,778	-0,002
23,200	-2,733	-7,335E-4
23,250	-2,701	-0,002
23,300	-2,665	-0,001
23,350	-2,663	-0,002
23,400	-2,663	-8,141E-4
23,450	-2,663	-0,002
23,500	-2,623	-6,761E-4
23,550	-2,461	-0,002
23,600	-2,454	-7,286E-4
23,650	-2,454	-0,002
23,700	-2,454	-6,700E-4
23,750	-2,453	-0,001
23,800	-2,454	-6,835E-4
23,850	-2,446	-0,002
23,900	-2,421	-5,870E-4
23,950	-2,381	-0,002
24,000	-2,328	-6,261E-4
24,050	-2,284	-0,002
24,100	-2,267	-6,420E-4
24,150	-2,266	-0,001
24,200	-2,266	-6,847E-4
24,250	-2,265	-0,002
24,300	-2,209	-6,163E-4
24,350	-2,199	-0,002
24,400	-2,199	-3,832E-4
24,450	-2,197	-0,001
24,500	-2,121	-4,772E-4
24,550	-2,024	-0,001
24,600	-1,955	-3,868E-4
24,650	-1,888	-0,001
24,700	-1,823	-1,427E-4
24,750	-1,753	-0,001
24,800	-1,719	-3,527E-4
24,850	-1,718	-9,948E-4
24,900	-1,718	-3,514E-4
24,950	-1,718	-0,001
25,000	-1,718	-3,820E-4
25,050	-1,718	-0,001
25,100	-1,718	-9,875E-5
25,150	-1,718	-0,001
25,200	-1,718	-1,256E-4
25,250	-1,718	-0,001
25,300	-1,690	-2,440E-4
25,350	-1,612	-0,001
25,400	-1,541	-3,856E-4
25,450	-1,472	-0,002
25,500	-1,448	-1,390E-4
25,550	-1,435	-0,001
25,600	-1,434	-3,563E-4
25,650	-1,433	-0,001
25,700	-1,433	5,872E-5
25,750	-1,434	-0,001
25,800	-1,431	-2,379E-4
25,850	-1,425	-0,001
25,900	-1,368	-3,112E-4
25,950	-1,285	-0,001
26,000	-1,212	-2,063E-5
26,050	-1,159	-0,001
26,100	-1,135	-2,429E-5
26,150	-1,111	-0,001
26,200	-1,087	1,820E-4
26,250	-1,082	-9,838E-4
26,300	-1,076	1,979E-4
26,350	-1,065	-8,605E-4
26,400	-1,061	6,360E-5
26,450	-1,042	-8,300E-4
26,500	-1,025	3,322E-4
26,550	-1,019	-0,001
26,600	-1,005	1,783E-4
26,650	-0,973	-0,001
26,700	-0,941	6,848E-5
26,750	-0,923	-9,398E-4
26,800	-0,912	2,711E-4
26,850	-0,869	-8,629E-4
26,900	-0,833	-5,237E-5
26,950	-0,794	-0,001
27,000	-0,774	3,456E-4
27,050	-0,765	-6,115E-4
27,100	-0,752	2,589E-4
27,150	-0,741	-8,263E-4
27,200	-0,735	3,918E-5
27,250	-0,735	-6,920E-4
27,300	-0,733	1,721E-5
27,350	-0,732	-9,972E-4
27,400	-0,731	2,687E-4
27,450	-0,731	-8,068E-4
27,500	-0,707	2,015E-4
27,550	-0,575	-9,630E-4
27,600	-0,394	7,179E-4
27,650	-0,283	-5,236E-4
27,700	-0,265	5,043E-4
27,750	-0,263	-7,408E-4
27,800	-0,260	1,429E-4
27,850	-0,257	-5,431E-4
27,900	-0,246	4,335E-4
27,950	-0,201	-1,866E-4
28,000	-0,157	4,677E-4
28,050	-0,111	-5,907E-4
28,100	-0,076	4,530E-4
28,150	-0,060	-4,052E-4
28,200	-0,017	4,750E-4
28,250	-0,011	-5,052E-4
28,300	-0,010	5,641E-4
28,350	-0,009	-3,466E-4
28,400	-0,009	6,740E-4
28,450	-0,010	-6,383E-4
28,500	-0,010	4,078E-4
28,550	-0,010	-7,946E-4
28,600	-0,010	4,677E-4
28,650	-0,009	-4,552E-4
28,700	-0,010	5,580E-4
28,750	-0,010	-5,114E-4
28,800	-0,010	2,137E-4
28,850	-0,009	-3,197E-4
28,900	-0,009	7,008E-4
28,950	-0,010	-5,004E-4
29,000	-0,010	5,067E-4
29,050	-0,010	-4,564E-4
29,100	-0,010	2,833E-4
29,150	-0,010	-4,589E-4
29,200	-0,010	4,750E-4
29,250	-0,009	-3,124E-4
29,300	-0,010	2,516E-4
29,350	-0,010	-4,271E-4
29,400	-0,010	2,906E-4
29,450	-0,010	-5,541E-4
29,500	-0,009	4,738E-4
29,550	-0,009	-2,660E-4
29,600	-0,008	2,931E-4
29,650	0,008	-4,320E-4
29,700	0,011	3,199E-4
29,750	0,011	-7,347E-4
29,800	0,012	5,360E-4
29,850	0,012	-4,149E-4
29,900	0,011	2,528E-4
29,950	0,012	-5,419E-4
30,000	0,011	3,907E-4
30,050	0,012	-4,003E-4
30,100	0,012	6,520E-4
30,150	0,012	-3,649E-4
30,200	0,034	8,435E-5
30,250	0,061	-2,941E-4
30,300	0,079	4,347E-4
30,350	0,087	-2,196E-4
30,400	0,106	4,457E-4
30,450	0,127	-5,101E-4
30,500	0,145	4,432E-4
30,550	0,173	-1,342E-4
30,600	0,196	2,650E-4
30,650	0,253	8,801E-5
30,700	0,305	2,858E-4
30,750	0,344	-6,702E-5
30,800	0,378	5,250E-4
30,850	0,389	-8,655E-5
30,900	0,406	3,810E-4
30,950	0,423	-1,744E-4
31,000	0,439	2,540E-4
31,050	0,476	-1,696E-4
31,100	0,517	2,748E-4
31,150	0,535	-8,411E-5
31,200	0,549	5,055E-4
31,250	0,567	-6,458E-5
31,300	0,578	4,701E-4
31,350	0,587	9,412E-5
31,400	0,608	3,236E-4
31,450	0,659	-1,635E-4
31,500	0,709	4,701E-4
31,550	0,738	1,954E-4
31,600	0,781	5,616E-4
31,650	0,820	-9,509E-5
31,700	0,857	3,553E-4
31,750	0,886	6,848E-5
31,800	0,910	4,432E-4
31,850	0,935	7,092E-5
31,900	0,963	4,738E-4
31,950	0,988	1,843E-5
32,000	1,012	6,630E-4
32,050	1,034	3,430E-5
32,100	1,061	5,189E-4
32,150	1,088	1,735E-4
32,200	1,104	4,445E-4
32,250	1,116	2,675E-4
32,300	1,128	5,983E-4
32,350	1,146	5,433E-4
32,400	1,172	5,250E-4
32,450	1,208	3,602E-4
32,500	1,244	5,482E-4
32,550	1,264	3,956E-4
32,600	1,264	5,262E-4
32,650	1,316	4,506E-4
32,700	1,456	6,520E-4
32,750	1,492	4,994E-4
32,800	1,491	4,225E-4
32,850	1,492	3,883E-4
32,900	1,492	5,299E-4
32,950	1,492	4,664E-4
33,000	1,491	4,127E-4
33,050	1,492	5,800E-4
33,100	1,492	7,094E-4
33,150	1,495	7,350E-4
33,200	1,521	9,376E-4
33,250	1,572	1,722E-4
33,300	1,621	6,898E-4
33,350	1,648	6,141E-4
33,400	1,661	4,030E-4
33,450	1,678	6,801E-4
33,500	1,701	7,045E-4
33,550	1,729	3,737E-4
33,600	1,744	6,154E-4
33,650	1,748	4,554E-4
33,700	1,759	3,883E-4
33,750	1,779	7,826E-4
33,800	1,801	3,358E-4
33,850	1,824	7,570E-4
33,900	1,853	7,545E-4
33,950	1,877	6,447E-4
34,000	1,878	5,983E-4
34,050	1,885	0,001
34,100	1,897	4,420E-4
34,150	1,909	6,068E-4
34,200	1,926	6,581E-4
34,250	1,944	8,180E-4
34,300	1,967	5,739E-4
34,350	1,989	9,327E-4
34,400	1,997	8,192E-4
34,450	2,005	8,290E-4
34,500	2,013	5,323E-4
34,550	2,035	8,949E-4
34,600	2,051	8,168E-4
34,650	2,057	0,001
34,700	2,078	7,509E-4
34,750	2,103	9,584E-4
34,800	2,120	5,970E-4
34,850	2,141	6,483E-4
34,900	2,168	6,984E-4
34,950	2,182	8,473E-4
35,000	2,203	6,044E-4
35,050	2,261	8,619E-4
35,100	2,291	7,081E-4
35,150	2,293	0,001
35,200	2,310	9,645E-4
35,250	2,346	8,473E-4
35,300	2,371	7,081E-4
35,350	2,388	0,001
35,400	2,400	4,310E-4
35,450	2,407	0,001
35,500	2,416	7,155E-4
35,550	2,430	9,327E-4
35,600	2,470	6,532E-4
35,650	2,502	0,001
35,700	2,514	4,640E-4
35,750	2,532	0,001
35,800	2,553	0,001
35,850	2,578	0,001
35,900	2,586	0,001
35,950	2,604	0,001
36,000	2,632	6,801E-4
36,050	2,648	0,001
36,100	2,648	6,727E-4
36,150	2,667	0,002
36,200	2,683	4,933E-4
36,250	2,684	0,001
36,300	2,686	5,812E-4
36,350	2,711	0,001
36,400	2,735	6,556E-4
36,450	2,757	0,001
36,500	2,772	5,238E-4
36,550	2,806	0,002
36,600	2,829	9,047E-4
36,650	2,838	0,001
36,700	2,887	7,264E-4
36,750	2,910	0,001
36,800	2,940	9,401E-4
36,850	2,993	0,001
36,900	3,017	0,001
36,950	3,019	0,002
37,000	3,025	7,863E-4
37,050	3,039	0,001
37,100	3,081	7,008E-4
37,150	3,127	0,001
37,200	3,163	7,106E-4
37,250	3,205	0,002
37,300	3,252	0,001
37,350	3,280	0,002
37,400	3,295	0,001
37,450	3,296	0,002
37,500	3,296	7,826E-4
37,550	3,296	0,001
37,600	3,304	6,862E-4
37,650	3,312	0,002
37,700	3,312	7,997E-4
37,750	3,311	0,001
37,800	3,311	0,001
37,850	3,311	0,002
37,900	3,318	6,630E-4
37,950	3,348	0,001
38,000	3,373	6,947E-4
38,050	3,405	0,002
38,100	3,428	0,001
38,150	3,451	0,002
38,200	3,483	9,315E-4
38,250	3,523	0,002
38,300	3,545	7,570E-4
38,350	3,564	0,002
38,400	3,592	0,001
38,450	3,612	0,002
38,500	3,623	0,001
38,550	3,628	0,002
38,600	3,654	8,693E-4
38,650	3,673	0,002
38,700	3,692	8,400E-4
38,750	3,719	0,002
38,800	3,745	8,925E-4
38,850	3,779	0,002
38,900	3,810	9,608E-4
38,950	3,831	0,002
39,000	3,853	8,680E-4
39,050	3,868	0,002
39,100	3,881	8,998E-4
39,150	3,909	0,002
39,200	3,919	8,644E-4
39,250	3,923	0,002
39,300	3,947	9,205E-4
39,350	3,953	0,002
39,400	3,959	0,001
39,450	3,971	0,002
39,500	3,972	9,608E-4
39,550	3,994	0,002
39,600	4,023	0,001
39,650	4,036	0,002
39,700	4,065	0,001
39,750	4,109	0,002
39,800	4,182	8,571E-4
39,850	4,256	0,002
39,900	4,303	0,001
39,950	4,319	0,002
40,000	4,331	0,001
40,050	4,342	0,002
40,100	4,387	0,001
40,150	4,407	0,002
40,200	4,422	0,001
40,250	4,445	0,002
40,300	4,465	0,001
40,350	4,490	0,002
40,400	4,539	0,001
40,450	4,588	0,002
40,500	4,604	0,002
40,550	4,649	0,002
40,600	4,674	0,001
40,650	4,690	0,002
40,700	4,693	0,001
40,750	4,693	0,002
40,800	4,693	0,001
40,850	4,693	0,002
40,900	4,693	0,002
40,950	4,693	0,002
41,000	4,706	0,001
41,050	4,733	0,002
41,100	4,763	0,001
41,150	4,801	0,002
41,200	4,839	0,001
41,250	4,869	0,002
41,300	4,933	0,002
41,350	5,025	0,002
41,400	5,125	0,001
41,450	5,168	0,002
41,500	5,170	0,001
41,550	5,170	0,002
41,600	5,170	0,001
41,650	5,171	0,002
41,700	5,195	0,001
41,750	5,205	0,002
41,800	5,212	0,001
41,850	5,235	0,002
41,900	5,261	0,001
41,950	5,264	0,002
42,000	5,274	0,001
42,050	5,302	0,003
42,100	5,312	0,002
42,150	5,312	0,002
42,200	5,313	0,001
42,250	5,327	0,003
42,300	5,351	0,002
42,350	5,372	0,002
42,400	5,405	0,001
42,450	5,442	0,003
42,500	5,458	0,002
42,550	5,484	0,002
42,600	5,494	0,002
42,650	5,509	0,003
42,700	5,532	0,001
42,750	5,535	0,003
42,800	5,535	0,001
42,850	5,536	0,003
42,900	5,535	0,001
42,950	5,535	0,002
43,000	5,535	0,001
43,050	5,553	0,002
43,100	5,693	0,001
43,150	5,798	0,003
43,200	5,839	0,001
43,250	5,862	0,003
43,300	5,880	0,002
43,350	5,892	0,003
43,400	5,894	0,002
43,450	5,909	0,003
43,500	5,923	0,002
43,550	5,934	0,003
43,600	5,952	0,002
43,650	5,976	0,003
43,700	5,989	0,002
43,750	5,989	0,003
43,800	5,989	0,001
43,850	5,989	0,003
43,900	5,989	0,001
43,950	5,996	0,003
44,000	6,023	0,002
44,050	6,080	0,003
44,100	6,143	0,002
44,150	6,190	0,003
44,200	6,202	0,002
44,250	6,207	0,003
44,300	6,234	0,002
44,350	6,264	0,003
44,400	6,296	0,002
44,450	6,318	0,003
44,500	6,340	0,002
44,550	6,384	0,003
44,600	6,414	0,002
44,650	6,459	0,003
44,700	6,490	0,002
44,750	6,507	0,003
44,800	6,521	0,002
44,850	6,521	0,003
44,900	6,521	0,002
44,950	6,520	0,002
45,000	6,521	0,002
45,050	6,521	0,003
45,100	6,521	0,002
45,150	6,531	0,003
45,200	6,561	0,002
45,250	6,600	0,003
45,300	6,623	0,002
45,350	6,635	0,003
45,400	6,641	0,002
45,450	6,644	0,003
45,500	6,646	0,002
45,550	6,647	0,003
45,600	6,648	0,002
45,650	6,648	0,003
45,700	6,648	0,002
45,750	6,649	0,003
45,800	6,648	0,002
45,850	6,649	0,003
45,900	6,648	0,002
45,950	6,648	0,003
46,000	6,593	0,002
46,050	6,554	0,003
46,100	6,550	0,002
46,150	6,521	0,003
46,200	6,517	0,002
46,250	6,517	0,003
46,300	6,516	0,002
46,350	6,494	0,003
46,400	6,462	0,002
46,450	6,448	0,003
46,500	6,418	0,002
46,550	6,363	0,003
46,600	6,315	0,002
46,650	6,293	0,003
46,700	6,266	0,002
46,750	6,253	0,003
46,800	6,248	0,002
46,850	6,236	0,003
46,900	6,234	0,002
46,950	6,225	0,003
47,000	6,211	0,002
47,050	6,198	0,003
47,100	6,191	0,002
47,150	6,164	0,003
47,200	6,137	0,002
47,250	6,118	0,003
47,300	6,093	0,002
47,350	6,088	0,003
47,400	6,076	0,002
47,450	6,037	0,003
47,500	6,017	0,002
47,550	5,997	0,002
47,600	5,991	0,002
47,650	5,984	0,002
47,700	5,984	0,002
47,750	5,975	0,002
47,800	5,952	0,002
47,850	5,940	0,003
47,900	5,913	0,002
47,950	5,873	0,002
48,000	5,865	0,002
48,050	5,863	0,003
48,100	5,863	0,002
48,150	5,863	0,003
48,200	5,863	0,002
48,250	5,863	0,003
48,300	5,862	0,002
48,350	5,862	0,002
48,400	5,852	0,002
48,450	5,786	0,002
48,500	5,766	0,002
48,550	5,739	0,003
48,600	5,622	0,002
48,650	5,540	0,002
48,700	5,499	0,002
48,750	5,464	0,002
48,800	5,424	0,002
48,850	5,370	0,002
48,900	5,322	0,001
48,950	5,285	0,002
49,000	5,226	0,001
49,050	5,168	0,002
49,100	5,127	0,002
49,150	5,114	0,002
49,200	5,086	0,002
49,250	5,080	0,002
49,300	5,039	0,002
49,350	4,996	0,002
49,400	4,958	0,002
49,450	4,902	0,002
49,500	4,873	0,001
49,550	4,856	0,002
49,600	4,832	0,001
49,650	4,809	0,002
49,700	4,771	0,002
49,750	4,729	0,002
49,800	4,684	0,002
49,850	4,667	0,002
49,900	4,666	0,002
49,950	4,666	0,002
50,000	4,666	0,002
50,050	4,666	0,002
50,100	4,666	0,002
50,150	4,666	0,002
50,200	4,646	0,001
50,250	4,580	0,002
50,300	4,514	0,002
50,350	4,457	0,002
50,400	4,394	0,001
50,450	4,319	0,002
50,500	4,250	0,001
50,550	4,212	0,002
50,600	4,203	9,718E-4
50,650	4,203	0,002
50,700	4,181	0,001
50,750	4,143	0,002
50,800	4,121	0,001
50,850	4,090	0,002
50,900	4,061	0,001
50,950	4,020	0,002
51,000	3,982	0,001
51,050	3,948	0,002
51,100	3,947	0,001
51,150	3,946	0,002
51,200	3,947	0,001
51,250	3,938	0,002
51,300	3,921	0,001
51,350	3,916	0,002
51,400	3,889	0,001
51,450	3,865	0,002
51,500	3,818	0,002
51,550	3,782	0,002
51,600	3,768	0,001
51,650	3,717	0,001
51,700	3,677	0,001
51,750	3,675	0,002
51,800	3,675	0,001
51,850	3,675	0,002
51,900	3,675	0,001
51,950	3,675	0,002
52,000	3,665	0,001
52,050	3,597	0,002
52,100	3,512	0,001
52,150	3,370	0,001
52,200	3,291	9,572E-4
52,250	3,288	0,001
52,300	3,288	0,002
52,350	3,251	0,002
52,400	3,215	0,001
52,450	3,212	0,001
52,500	3,189	8,546E-4
52,550	3,160	0,001
52,600	3,121	0,001
52,650	3,093	0,002
52,700	3,077	0,001
52,750	3,049	0,001
52,800	3,022	8,790E-4
52,850	2,997	0,001
52,900	2,976	0,001
52,950	2,955	0,001
53,000	2,919	0,001
53,050	2,851	0,002
53,100	2,819	0,001
53,150	2,788	0,001
53,200	2,759	0,001
53,250	2,740	0,001
53,300	2,714	0,001
53,350	2,699	0,001
53,400	2,670	8,595E-4
53,450	2,617	0,001
53,500	2,556	8,107E-4
53,550	2,475	0,001
53,600	2,396	0,001
53,650	2,324	0,001
53,700	2,289	8,107E-4
53,750	2,288	0,001
53,800	2,288	9,279E-4
53,850	2,288	0,001
53,900	2,289	0,001
53,950	2,288	0,001
54,000	2,288	0,001
54,050	2,276	0,001
54,100	2,205	8,802E-4
54,150	2,152	9,620E-4
54,200	2,143	7,826E-4
54,250	2,143	0,001
54,300	2,131	9,596E-4
54,350	2,100	0,001
54,400	2,061	0,001
54,450	2,026	0,001
54,500	2,003	0,001
54,550	1,983	8,326E-4
54,600	1,951	9,474E-4
54,650	1,891	7,338E-4
54,700	1,860	0,001
54,750	1,819	9,303E-4
54,800	1,758	0,001
54,850	1,695	9,828E-4
54,900	1,649	0,001
54,950	1,611	9,913E-4
55,000	1,595	5,482E-4
55,050	1,585	9,230E-4
55,100	1,585	0,001
55,150	1,583	9,303E-4
55,200	1,568	7,338E-4
55,250	1,555	7,765E-4
55,300	1,531	0,001
55,350	1,479	6,202E-4
55,400	1,395	6,764E-4
55,450	1,372	5,568E-4
55,500	1,347	9,022E-4
55,550	1,318	4,323E-4
55,600	1,299	6,385E-4
55,650	1,286	5,055E-4
55,700	1,285	7,167E-4
55,750	1,286	7,911E-4
55,800	1,285	8,082E-4
55,850	1,284	7,423E-4
55,900	1,286	6,666E-4
55,950	1,287	6,862E-4
56,000	1,250	6,544E-4
56,050	1,204	7,289E-4
56,100	1,203	6,752E-4
56,150	1,198	8,253E-4
56,200	1,152	6,984E-4
56,250	1,132	3,810E-4
56,300	1,092	7,289E-4
56,350	1,034	4,969E-4
56,400	0,991	7,301E-4
56,450	0,955	2,064E-4
56,500	0,915	3,932E-4
56,550	0,874	3,053E-4
56,600	0,866	7,240E-4
56,650	0,866	2,174E-4
56,700	0,866	6,019E-4
56,750	0,866	1,881E-4
56,800	0,867	6,520E-4
56,850	0,871	3,383E-4
56,900	0,911	7,240E-4
56,950	0,920	3,199E-4
57,000	0,871	9,657E-4
57,050	0,724	4,335E-4
57,100	0,654	7,289E-4
57,150	0,612	5,017E-5
57,200	0,527	6,239E-4
57,250	0,482	2,809E-4
57,300	0,462	4,115E-4
57,350	0,435	1,356E-4
57,400	0,429	4,884E-4
57,450	0,392	2,137E-4
57,500	0,353	5,323E-4
57,550	0,292	3,517E-4
57,600	0,245	3,456E-4
57,650	0,235	1,466E-4
57,700	0,228	4,982E-4
57,750	0,228	4,066E-4
57,800	0,216	3,688E-4
57,850	0,161	1,442E-4
57,900	0,114	5,653E-4
57,950	0,049	-4,016E-5
58,000	0,016	5,641E-4
58,050	0,014	-2,245E-4
58,100	0,013	3,126E-4
58,150	0,013	-1,110E-4
58,200	0,011	2,906E-4
58,250	0,011	-8,899E-5
58,300	0,012	7,081E-4
58,350	0,011	1,356E-4
58,400	0,008	1,771E-4
58,450	0,008	1,832E-4
58,500	0,007	3,749E-4
58,550	0,008	-2,037E-4
58,600	0,009	4,823E-4
58,650	0,009	4,651E-5
58,700	0,008	3,114E-4
58,750	0,008	-4,382E-5
58,800	0,008	3,468E-4
58,850	0,008	-2,184E-4
58,900	0,009	7,521E-4
58,950	0,008	1,454E-4
59,000	0,008	6,019E-4
59,050	0,008	-2,673E-5
59,100	0,008	3,651E-4
59,150	0,008	-3,087E-4
59,200	0,008	5,018E-4
59,250	0,008	-1,708E-4
59,300	0,008	3,700E-4
59,350	0,002	1,136E-4
59,400	-0,007	8,229E-4
59,450	-0,008	-5,481E-5
59,500	-0,014	5,543E-4
59,550	-0,014	9,290E-5
59,600	-0,016	6,495E-4
59,650	-0,023	-1,158E-4
59,700	-0,031	4,994E-4
59,750	-0,036	-2,257E-4
59,800	-0,042	6,605E-4
59,850	-0,069	2,209E-5
59,900	-0,103	6,569E-4
59,950	-0,146	-1,099E-6
60,000	-0,173	4,786E-4
60,050	-0,207	1,967E-4
60,100	-0,243	6,385E-4
60,150	-0,271	-8,044E-5
60,200	-0,282	5,287E-4
60,250	-0,292	-7,678E-5
60,300	-0,293	4,640E-4
60,350	-0,306	-1,805E-4
60,400	-0,324	7,313E-4
60,450	-0,375	-2,672E-4
60,500	-0,428	7,045E-4
60,550	-0,435	-2,843E-4
60,600	-0,443	4,030E-4
60,650	-0,451	-2,782E-4
60,700	-0,452	6,471E-4
60,750	-0,460	-2,672E-4
60,800	-0,471	4,261E-4
60,850	-0,491	-9,753E-5
60,900	-0,509	4,835E-4
60,950	-0,529	7,581E-5
61,000	-0,559	5,531E-4
61,050	-0,573	-2,611E-4
61,100	-0,604	3,627E-4
61,150	-0,631	-2,220E-4
61,200	-0,641	3,114E-4
61,250	-0,644	-7,201E-4
61,300	-0,669	2,137E-4
61,350	-0,707	-3,868E-4
61,400	-0,731	3,346E-4
61,450	-0,736	-6,053E-4
61,500	-0,751	4,982E-4
61,550	-0,757	-4,552E-4
61,600	-0,757	2,321E-4
61,650	-0,757	-5,370E-4
61,700	-0,757	4,872E-4
61,750	-0,759	-4,381E-4
61,800	-0,766	3,590E-4
61,850	-0,782	-2,880E-4
61,900	-0,822	3,004E-4
61,950	-0,879	-5,382E-4
62,000	-0,932	3,041E-4
62,050	-0,960	-5,345E-4
62,100	-0,962	4,823E-4
62,150	-0,962	-5,297E-4
62,200	-0,975	3,383E-4
62,250	-1,010	-5,126E-4
62,300	-1,060	5,653E-4
62,350	-1,090	-7,433E-4
62,400	-1,127	2,687E-4
62,450	-1,147	-4,125E-4
62,500	-1,163	2,919E-4
62,550	-1,191	-4,979E-4
62,600	-1,211	4,835E-4
62,650	-1,253	-6,298E-4
62,700	-1,277	4,139E-4
62,750	-1,285	-4,723E-4
62,800	-1,318	2,870E-4
62,850	-1,374	-6,224E-4
62,900	-1,441	2,626E-4
62,950	-1,471	-9,032E-4
63,000	-1,491	4,213E-4
63,050	-1,506	-8,312E-4
63,100	-1,527	4,115E-4
63,150	-1,555	-8,458E-4
63,200	-1,575	4,408E-4
63,250	-1,652	-7,897E-4
63,300	-1,719	4,773E-5
63,350	-1,768	-8,519E-4
63,400	-1,785	7,446E-6
63,450	-1,797	-0,001
63,500	-1,807	5,383E-5
63,550	-1,851	-8,702E-4
63,600	-1,896	-1,036E-4
63,650	-1,928	-9,838E-4
63,700	-1,939	-5,359E-5
63,750	-1,949	-9,752E-4
63,800	-2,013	-1,769E-4
63,850	-2,077	-8,348E-4
63,900	-2,131	-4,016E-5
63,950	-2,164	-0,001
64,000	-2,205	4,285E-5
64,050	-2,269	-0,001
64,100	-2,331	-1,915E-4
64,150	-2,361	-0,001
64,200	-2,377	-3,406E-5
64,250	-2,401	-0,001
64,300	-2,452	-1,329E-4
64,350	-2,574	-0,002
64,400	-2,740	-4,662E-4
64,450	-2,769	-0,001
64,500	-2,804	-1,549E-4
64,550	-2,821	-0,001
64,600	-2,821	-3,661E-4
64,650	-2,821	-0,001
64,700	-2,822	-3,771E-4
64,750	-2,822	-0,002
64,800	-2,821	-1,610E-4
64,850	-2,822	-0,002
64,900	-2,822	-4,821E-4
64,950	-2,833	-0,002
65,000	-2,848	-3,832E-4
65,050	-2,850	-0,001
65,100	-2,906	-7,421E-4
65,150	-2,974	-0,002
65,200	-3,019	-4,052E-4
65,250	-3,071	-0,002
65,300	-3,113	-3,771E-4
65,350	-3,138	-0,002
65,400	-3,151	-7,177E-4
65,450	-3,154	-0,002
65,500	-3,165	-6,432E-4
65,550	-3,177	-0,002
65,600	-3,185	-4,760E-4
65,650	-3,208	-0,001
65,700	-3,227	-6,139E-4
65,750	-3,244	-0,002
65,800	-3,279	-5,956E-4
65,850	-3,306	-0,002
65,900	-3,338	-3,221E-4
65,950	-3,367	-0,002
66,000	-3,384	-2,990E-4
66,050	-3,403	-0,002
66,100	-3,418	-7,653E-4
66,150	-3,421	-0,002
66,200	-3,447	-5,052E-4
66,250	-3,464	-0,002
66,300	-3,467	-4,552E-4
66,350	-3,486	-0,002
66,400	-3,512	-5,663E-4
66,450	-3,583	-0,002
66,500	-3,689	-6,542E-4
66,550	-3,756	-0,002
66,600	-3,792	-7,640E-4
66,650	-3,796	-0,002
66,700	-3,801	-8,141E-4
66,750	-3,802	-0,002
66,800	-3,808	-0,001
66,850	-3,829	-0,002
66,900	-3,840	-7,823E-4
66,950	-3,842	-0,002
67,000	-3,852	-8,348E-4
67,050	-3,862	-0,002
67,100	-3,878	-7,225E-4
67,150	-3,892	-0,002
67,200	-3,912	-7,909E-4
67,250	-3,943	-0,002
67,300	-3,984	-6,127E-4
67,350	-4,011	-0,002
67,400	-4,031	-0,001
67,450	-4,038	-0,002
67,500	-4,038	-0,001
67,550	-4,038	-0,002
67,600	-4,038	-0,001
67,650	-4,038	-0,002
67,700	-4,038	-8,715E-4
67,750	-4,038	-0,002
67,800	-4,071	-8,812E-4
67,850	-4,172	-0,002
67,900	-4,231	-9,630E-4
67,950	-4,266	-0,002
68,000	-4,272	-0,001
68,050	-4,275	-0,002
68,100	-4,291	-0,001
68,150	-4,305	-0,002
68,200	-4,328	-0,001
68,250	-4,343	-0,002
68,300	-4,352	-0,001
68,350	-4,352	-0,002
68,400	-4,354	-0,001
68,450	-4,357	-0,002
68,500	-4,357	-0,001
68,550	-4,362	-0,002
68,600	-4,367	-0,001
68,650	-4,399	-0,002
68,700	-4,429	-0,001
68,750	-4,439	-0,002
68,800	-4,453	-0,001
68,850	-4,485	-0,002
68,900	-4,545	-8,409E-4
68,950	-4,610	-0,002
69,000	-4,646	-0,001
69,050	-4,703	-0,002
69,100	-4,781	-0,001
69,150	-4,826	-0,002
69,200	-4,867	-0,001
69,250	-4,890	-0,002
69,300	-4,896	-0,002
69,350	-4,909	-0,002
69,400	-4,924	-0,001
69,450	-4,934	-0,003
69,500	-4,959	-0,001
69,550	-5,000	-0,003
69,600	-5,021	-0,002
69,650	-5,048	-0,002
69,700	-5,088	-0,002
69,750	-5,133	-0,003
69,800	-5,197	-0,002
69,850	-5,218	-0,003
69,900	-5,228	-0,002
69,950	-5,241	-0,002
70,000	-5,241	-0,001
70,050	-5,258	-0,002
70,100	-5,262	-0,002
70,150	-5,262	-0,003
70,200	-5,262	-0,002
70,250	-5,262	-0,003
70,300	-5,262	-0,002
70,350	-5,262	-0,003
70,400	-5,272	-0,002
70,450	-5,342	-0,002
70,500	-5,415	-0,002
70,550	-5,486	-0,003
70,600	-5,557	-0,002
70,650	-5,618	-0,003
70,700	-5,656	-0,001
70,750	-5,670	-0,003
70,800	-5,673	-0,002
70,850	-5,673	-0,003
70,900	-5,674	-0,002
70,950	-5,676	-0,003
71,000	-5,677	-0,002
71,050	-5,677	-0,002
71,100	-5,746	-0,002
71,150	-5,878	-0,003
71,200	-5,986	-0,002
71,250	-6,053	-0,003
71,300	-6,116	-0,002
71,350	-6,207	-0,003
71,400	-6,284	-0,002
71,450	-6,341	-0,003
71,500	-6,392	-0,002
71,550	-6,438	-0,003
71,600	-6,476	-0,002
71,650	-6,493	-0,003
71,700	-6,493	-0,002
71,750	-6,497	-0,003
71,800	-6,503	-0,002
71,850	-6,502	-0,003
71,900	-6,510	-0,002
71,950	-6,535	-0,003
72,000	-6,559	-0,002
72,050	-6,591	-0,003
72,100	-6,621	-0,002
72,150	-6,637	-0,003
72,200	-6,646	-0,002
72,250	-6,650	-0,003
72,300	-6,652	-0,002
72,350	-6,651	-0,003
72,400	-6,652	-0,002
72,450	-6,653	-0,003
72,500	-6,655	-0,002
72,550	-6,655	-0,003
72,600	-6,655	-0,002
72,650	-6,654	-0,003
72,700	-6,655	-0,002
72,750	-6,656	-0,003
72,800	-6,656	-0,002
72,850	-6,656	-0,003
72,900	-6,656	-0,002
72,950	-6,634	-0,003
73,000	-6,591	-0,002
73,050	-6,525	-0,003
73,100	-6,495	-0,002
73,150	-6,484	-0,003
73,200	-6,483	-0,002
73,250	-6,475	-0,003
73,300	-6,459	-0,002
73,350	-6,452	-0,003
73,400	-6,440	-0,002
73,450	-6,432	-0,003
73,500	-6,427	-0,002
73,550	-6,426	-0,003
73,600	-6,426	-0,002
73,650	-6,426	-0,003
73,700	-6,427	-0,002
73,750	-6,426	-0,003
73,800	-6,427	-0,002
73,850	-6,429	-0,003
73,900	-6,430	-0,002
73,950	-6,430	-0,003
74,000	-6,428	-0,002
74,050	-6,441	-0,003
74,100	-6,449	-0,002
74,150	-6,450	-0,003
74,200	-6,474	-0,003
74,250	-6,498	-0,003
74,300	-6,520	-0,002
74,350	-6,525	-0,003
74,400	-6,525	-0,002
74,450	-6,525	-0,003
74,500	-6,525	-0,002
74,550	-6,525	-0,003
74,600	-6,525	-0,002
74,650	-6,525	-0,003
74,700	-6,529	-0,002
74,750	-6,519	-0,003
74,800	-6,504	-0,002
74,850	-6,476	-0,003
74,900	-6,453	-0,002
74,950	-6,423	-0,003
75,000	-6,418	-0,002
75,050	-6,418	-0,003
75,100	-6,418	-0,002
75,150	-6,418	-0,003
75,200	-6,418	-0,002
75,250	-6,416	-0,003
75,300	-6,414	-0,002
75,350	-6,414	-0,003
75,400	-6,413	-0,002
75,450	-6,413	-0,003
75,500	-6,413	-0,002
75,550	-6,413	-0,003
75,600	-6,412	-0,002
75,650	-6,410	-0,003
75,700	-6,410	-0,002
75,750	-6,407	-0,003
75,800	-6,395	-0,002
75,850	-6,395	-0,003
75,900	-6,395	-0,002
75,950	-6,395	-0,003
76,000	-6,395	-0,002
76,050	-6,395	-0,002
76,100	-6,395	-0,002
76,150	-6,395	-0,003
76,200	-6,395	-0,002
76,250	-6,395	-0,003
76,300	-6,395	-0,003
76,350	-6,395	-0,003
76,400	-6,395	-0,002
76,450	-6,395	-0,003
76,500	-6,395	-0,002
76,550	-6,382	-0,003
76,600	-6,362	-0,002
76,650	-6,361	-0,003
76,700	-6,361	-0,002
76,750	-6,361	-0,003
76,800	-6,361	-0,002
76,850	-6,361	-0,003
76,900	-6,361	-0,002
76,950	-6,361	-0,003
77,000	-6,361	-0,002
77,050	-6,360	-0,002
77,100	-6,361	-0,002
77,150	-6,361	-0,003
77,200	-6,361	-0,002
77,250	-6,361	-0,003
77,300	-6,361	-0,002
77,350	-6,360	-0,003
77,400	-6,361	-0,002
77,450	-6,361	-0,003
77,500	-6,361	-0,002
77,550	-6,361	-0,003
77,600	-6,360	-0,002
77,650	-6,361	-0,003
77,700	-6,361	-0,002
77,750	-6,361	-0,003
77,800	-6,361	-0,003
77,850	-6,361	-0,003
77,900	-6,361	-0,002
77,950	-6,360	-0,002
78,000	-6,361	-0,002
78,050	-6,361	-0,003
78,100	-6,361	-0,002
78,150	-6,361	-0,003
78,200	-6,361	-0,002
78,250	-6,360	-0,002
78,300	-6,361	-0,002
78,350	-6,361	-0,003
78,400	-6,361	-0,002
78,450	-6,361	-0,003
78,500	-6,361	-0,003
78,550	-6,361	-0,003
78,600	-6,361	-0,002
78,650	-6,361	-0,003
78,700	-6,361	-0,003
78,750	-6,361	-0,003
78,800	-6,361	-0,002
78,850	-6,361	-0,003
78,900	-6,361	-0,002
78,950	-6,361	-0,003
79,000	-6,361	-0,002
79,050	-6,361	-0,003
79,100	-6,361	-0,003
79,150	-6,361	-0,003
79,200	-6,361	-0,002
79,250	-6,361	-0,003
79,300	-6,361	-0,003
79,350	-6,361	-0,003
79,400	-6,361	-0,002
79,450	-6,361	-0,003
79,500	-6,361	-0,003
79,550	-6,361	-0,003
79,600	-6,361	-0,002
79,650	-6,361	-0,003
79,700	-6,361	-0,002
79,750	-6,361	-0,003
79,800	-6,361	-0,003
79,850	-6,361	-0,002
