Zeit (s) Messreihe #10	Spannung, Ch A (V) Messreihe #10	Spannung, Ch B (V) Messreihe #10
0,000	0,008	0,011
0,020	0,008	0,011
0,040	0,008	0,011
0,060	0,007	0,010
0,080	0,007	0,011
0,100	0,008	0,011
0,120	0,008	0,011
0,140	0,008	0,011
0,160	0,008	0,011
0,180	0,008	0,011
0,200	0,009	0,016
0,220	0,008	0,009
0,240	0,011	0,017
0,260	0,673	2,457
0,280	0,012	-0,059
0,300	0,017	-1,270E-4
0,320	0,023	0,012
0,340	0,029	0,017
0,360	0,034	0,017
0,380	0,039	0,019
0,400	0,045	0,022
0,420	0,050	0,022
0,440	0,056	0,020
0,460	0,061	0,022
0,480	0,067	0,023
0,500	0,081	0,046
0,520	0,094	0,036
0,540	0,084	-0,006
0,560	0,089	0,022
0,580	0,104	0,053
0,600	0,111	0,042
0,620	0,115	0,027
0,640	0,114	0,020
0,660	0,116	0,022
0,680	0,121	0,025
0,700	0,126	0,026
0,720	0,132	0,028
0,740	0,138	0,027
0,760	0,143	0,027
0,780	0,148	0,028
0,800	0,153	0,028
0,820	0,159	0,028
0,840	0,164	0,028
0,860	0,170	0,030
0,880	0,175	0,030
0,900	0,181	0,032
0,920	0,186	0,030
0,940	0,191	0,031
0,960	0,197	0,034
0,980	0,202	0,044
1,000	0,208	0,033
1,020	0,213	0,033
1,040	0,218	0,033
1,060	0,223	0,033
1,080	0,230	0,034
1,100	0,234	0,034
1,120	0,240	0,034
1,140	0,246	0,035
1,160	0,251	0,034
1,180	0,256	0,035
1,200	0,261	0,035
1,220	0,267	0,036
1,240	0,272	0,036
1,260	0,278	0,036
1,280	0,283	0,036
1,300	0,289	0,037
1,320	0,294	0,026
1,340	0,300	0,034
1,360	0,304	0,036
1,380	0,310	0,037
1,400	0,315	0,038
1,420	0,320	0,037
1,440	0,325	0,038
1,460	0,331	0,038
1,480	0,336	0,038
1,500	0,341	0,038
1,520	0,347	0,038
1,540	0,352	0,039
1,560	0,357	0,039
1,580	0,363	0,040
1,600	0,369	0,040
1,620	0,374	0,037
1,640	0,379	0,041
1,660	0,385	0,043
1,680	0,390	0,057
1,700	0,395	0,042
1,720	0,401	0,041
1,740	0,406	0,040
1,760	0,411	0,041
1,780	0,417	0,041
1,800	0,422	0,041
1,820	0,428	0,041
1,840	0,433	0,042
1,860	0,438	0,042
1,880	0,444	0,043
1,900	0,449	0,042
1,920	0,455	0,043
1,940	0,460	0,044
1,960	0,466	0,044
1,980	0,471	0,044
2,000	0,476	0,045
2,020	0,481	0,036
2,040	0,487	0,043
2,060	0,492	0,043
2,080	0,498	0,045
2,100	0,503	0,048
2,120	0,508	0,048
2,140	0,513	0,047
2,160	0,519	0,048
2,180	0,524	0,048
2,200	0,529	0,049
2,220	0,535	0,050
2,240	0,540	0,050
2,260	0,546	0,051
2,280	0,551	0,051
2,300	0,556	0,051
2,320	0,562	0,052
2,340	0,567	0,053
2,360	0,573	0,052
2,380	0,578	0,050
2,400	0,583	0,054
2,420	0,589	0,055
2,440	0,594	0,055
2,460	0,600	0,056
2,480	0,605	0,056
2,500	0,610	0,056
2,520	0,616	0,057
2,540	0,621	0,058
2,560	0,626	0,058
2,580	0,631	0,059
2,600	0,636	0,059
2,620	0,641	0,059
2,640	0,647	0,059
2,660	0,652	0,060
2,680	0,657	0,059
2,700	0,663	0,060
2,720	0,668	0,060
2,740	0,673	0,060
2,760	0,679	0,060
2,780	0,684	0,061
2,800	0,689	0,061
2,820	0,695	0,059
2,840	0,700	0,060
2,860	0,705	0,060
2,880	0,711	0,061
2,900	0,717	0,062
2,920	0,721	0,062
2,940	0,727	0,062
2,960	0,732	0,063
2,980	0,738	0,064
3,000	0,743	0,063
3,020	0,749	0,064
3,040	0,754	0,065
3,060	0,759	0,071
3,080	0,764	0,082
3,100	0,770	0,069
3,120	0,775	0,068
3,140	0,780	0,068
3,160	0,786	0,069
3,180	0,791	0,070
3,200	0,797	0,071
3,220	0,802	0,071
3,240	0,807	0,073
3,260	0,812	0,073
3,280	0,818	0,077
3,300	0,823	0,077
3,320	0,829	0,078
3,340	0,834	0,079
3,360	0,840	0,081
3,380	0,845	0,082
3,400	0,850	0,084
3,420	0,856	0,063
3,440	0,861	0,082
3,460	0,866	0,087
3,480	0,872	0,090
3,500	0,877	0,092
3,520	0,882	0,095
3,540	0,887	0,097
3,560	0,893	0,100
3,580	0,899	0,102
3,600	0,904	0,105
3,620	0,909	0,107
3,640	0,914	0,110
3,660	0,920	0,113
3,680	0,925	0,117
3,700	0,930	0,119
3,720	0,936	0,124
3,740	0,941	0,127
3,760	0,946	0,130
3,780	0,951	0,134
3,800	0,957	0,138
3,820	0,962	0,142
3,840	0,967	0,146
3,860	0,973	0,150
3,880	0,978	0,154
3,900	0,983	0,157
3,920	0,988	0,159
3,940	0,994	0,162
3,960	0,999	0,164
3,980	1,005	0,166
4,000	1,010	0,165
4,020	1,015	0,166
4,040	1,020	0,165
4,060	1,026	0,164
4,080	1,031	0,162
4,100	1,037	0,161
4,120	1,042	0,185
4,140	1,047	0,162
4,160	1,052	0,154
4,180	1,058	0,152
4,200	1,063	0,149
4,220	1,069	0,147
4,240	1,074	0,144
4,260	1,079	0,142
4,280	1,085	0,140
4,300	1,090	0,137
4,320	1,095	0,135
4,340	1,101	0,133
4,360	1,106	0,131
4,380	1,111	0,129
4,400	1,117	0,127
4,420	1,122	0,126
4,440	1,127	0,124
4,460	1,133	0,134
4,480	1,139	0,139
4,500	1,144	0,122
4,520	1,148	0,118
4,540	1,154	0,117
4,560	1,159	0,116
4,580	1,165	0,115
4,600	1,171	0,114
4,620	1,175	0,113
4,640	1,181	0,112
4,660	1,186	0,111
4,680	1,192	0,111
4,700	1,197	0,110
4,720	1,202	0,110
4,740	1,208	0,110
4,760	1,213	0,109
4,780	1,218	0,109
4,800	1,223	0,109
4,820	1,229	0,109
4,840	1,234	0,110
4,860	1,240	0,111
4,880	1,245	0,111
4,900	1,250	0,112
4,920	1,255	0,112
4,940	1,260	0,113
4,960	1,266	0,115
4,980	1,271	0,116
5,000	1,276	0,117
5,020	1,282	0,119
5,040	1,287	0,121
5,060	1,292	0,123
5,080	1,298	0,125
5,100	1,303	0,126
5,120	1,308	0,129
5,140	1,314	0,132
5,160	1,319	0,117
5,180	1,324	0,125
5,200	1,329	0,138
5,220	1,335	0,143
5,240	1,340	0,145
5,260	1,346	0,150
5,280	1,351	0,154
5,300	1,357	0,159
5,320	1,361	0,162
5,340	1,367	0,168
5,360	1,373	0,173
5,380	1,378	0,178
5,400	1,383	0,183
5,420	1,388	0,189
5,440	1,394	0,195
5,460	1,399	0,200
5,480	1,404	0,206
5,500	1,410	0,214
5,520	1,415	0,227
5,540	1,420	0,227
5,560	1,426	0,235
5,580	1,431	0,241
5,600	1,436	0,248
5,620	1,442	0,255
5,640	1,447	0,262
5,660	1,453	0,271
5,680	1,458	0,275
5,700	1,463	0,281
5,720	1,469	0,286
5,740	1,474	0,290
5,760	1,479	0,292
5,780	1,484	0,293
5,800	1,490	0,293
5,820	1,495	0,292
5,840	1,500	0,289
5,860	1,505	0,285
5,880	1,511	0,281
5,900	1,516	0,276
5,920	1,522	0,271
5,940	1,527	0,265
5,960	1,532	0,259
5,980	1,538	0,253
6,000	1,543	0,247
6,020	1,548	0,242
6,040	1,553	0,236
6,060	1,559	0,231
6,080	1,563	0,225
6,100	1,569	0,220
6,120	1,574	0,214
6,140	1,580	0,222
6,160	1,585	0,197
6,180	1,590	0,200
6,200	1,596	0,171
6,220	1,601	0,068
6,240	1,606	0,181
6,260	1,611	0,180
6,280	1,617	0,176
6,300	1,622	0,173
6,320	1,628	0,170
6,340	1,633	0,167
6,360	1,638	0,164
6,380	1,643	0,159
6,400	1,649	0,159
6,420	1,654	0,157
6,440	1,659	0,154
6,460	1,665	0,154
6,480	1,670	0,151
6,500	1,675	0,151
6,520	1,681	0,149
6,540	1,686	0,159
6,560	1,691	0,172
6,580	1,697	0,151
6,600	1,702	0,149
6,620	1,707	0,149
6,640	1,712	0,150
6,660	1,718	0,150
6,680	1,723	0,151
6,700	1,729	0,153
6,720	1,734	0,153
6,740	1,739	0,155
6,760	1,745	0,157
6,780	1,750	0,160
6,800	1,755	0,162
6,820	1,761	0,164
6,840	1,766	0,167
6,860	1,771	0,172
6,880	1,776	0,174
6,900	1,781	0,171
6,920	1,787	0,179
6,940	1,792	0,186
6,960	1,798	0,191
6,980	1,803	0,196
7,000	1,808	0,201
7,020	1,814	0,207
7,040	1,819	0,212
7,060	1,824	0,218
7,080	1,829	0,225
7,100	1,835	0,232
7,120	1,841	0,239
7,140	1,846	0,246
7,160	1,851	0,255
7,180	1,856	0,261
7,200	1,862	0,279
7,220	1,866	0,282
7,240	1,872	0,289
7,260	1,877	0,297
7,280	1,882	0,308
7,300	1,887	0,317
7,320	1,893	0,328
7,340	1,898	0,339
7,360	1,903	0,349
7,380	1,908	0,360
7,400	1,914	0,371
7,420	1,919	0,381
7,440	1,924	0,391
7,460	1,930	0,401
7,480	1,935	0,410
7,500	1,940	0,442
7,520	1,946	0,437
7,540	1,951	0,432
7,560	1,957	0,433
7,580	1,962	0,436
7,600	1,967	0,436
7,620	1,972	0,434
7,640	1,978	0,431
7,660	1,983	0,425
7,680	1,988	0,419
7,700	1,993	0,412
7,720	1,999	0,404
7,740	2,004	0,395
7,760	2,010	0,386
7,780	2,015	0,377
7,800	2,020	0,368
7,820	2,025	0,358
7,840	2,031	0,349
7,860	2,036	0,339
7,880	2,041	0,330
7,900	2,047	0,320
7,920	2,052	0,310
7,940	2,057	0,292
7,960	2,063	0,286
7,980	2,068	0,282
8,000	2,073	0,274
8,020	2,079	0,266
8,040	2,084	0,259
8,060	2,089	0,250
8,080	2,094	0,244
8,100	2,100	0,237
8,120	2,105	0,231
8,140	2,111	0,226
8,160	2,115	0,220
8,180	2,121	0,215
8,200	2,126	0,211
8,220	2,131	0,207
8,240	2,137	0,204
8,260	2,142	0,201
8,280	2,147	0,198
8,300	2,153	0,215
8,320	2,158	0,196
8,340	2,164	0,193
8,360	2,169	0,191
8,380	2,174	0,190
8,400	2,179	0,190
8,420	2,184	0,189
8,440	2,189	0,190
8,460	2,194	0,190
8,480	2,200	0,192
8,500	2,205	0,193
8,520	2,210	0,195
8,540	2,216	0,196
8,560	2,221	0,199
8,580	2,227	0,202
8,600	2,231	0,205
8,620	2,237	0,209
8,640	2,242	0,189
8,660	2,247	0,209
8,680	2,253	0,220
8,700	2,258	0,225
8,720	2,264	0,231
8,740	2,269	0,237
8,760	2,275	0,242
8,780	2,279	0,249
8,800	2,285	0,256
8,820	2,290	0,264
8,840	2,295	0,271
8,860	2,300	0,279
8,880	2,306	0,288
8,900	2,311	0,297
8,920	2,316	0,306
8,940	2,322	0,316
8,960	2,327	0,326
8,980	2,332	0,344
9,000	2,338	0,370
9,020	2,343	0,362
9,040	2,349	0,391
9,060	2,354	0,378
9,080	2,359	0,388
9,100	2,364	0,492
9,120	2,370	0,448
9,140	2,375	0,476
9,160	2,380	0,169
9,180	2,385	0,414
9,200	2,391	0,491
9,220	2,396	0,486
9,240	2,401	0,498
9,260	2,406	0,515
9,280	2,412	0,533
9,300	2,417	0,539
9,320	2,423	0,539
9,340	2,428	0,548
9,360	2,433	0,553
9,380	2,439	0,565
9,400	2,444	0,572
9,420	2,450	0,574
9,440	2,455	0,571
9,460	2,459	0,567
9,480	2,465	0,564
9,500	2,470	0,559
9,520	2,476	0,551
9,540	2,481	0,542
9,560	2,486	0,535
9,580	2,492	0,526
9,600	2,497	0,514
9,620	2,502	0,503
9,640	2,507	0,492
9,660	2,513	0,482
9,680	2,518	0,468
9,700	2,523	0,463
9,720	2,528	0,451
9,740	2,534	0,433
9,760	2,539	0,416
9,780	2,544	0,402
9,800	2,550	0,389
9,820	2,555	0,377
9,840	2,560	0,364
9,860	2,565	0,352
9,880	2,571	0,342
9,900	2,576	0,332
9,920	2,581	0,321
9,940	2,587	0,310
9,960	2,592	0,304
9,980	2,597	0,295
10,000	2,602	0,286
10,020	2,607	0,279
10,040	2,613	0,274
10,060	2,618	0,233
10,080	2,623	0,256
10,100	2,629	0,255
10,120	2,634	0,251
10,140	2,640	0,248
10,160	2,645	0,244
10,180	2,650	0,241
10,200	2,655	0,240
10,220	2,660	0,237
10,240	2,666	0,236
10,260	2,671	0,236
10,280	2,676	0,235
10,300	2,682	0,236
10,320	2,687	0,236
10,340	2,692	0,238
10,360	2,697	0,239
10,380	2,703	0,241
10,400	2,708	0,242
10,420	2,713	0,244
10,440	2,719	0,251
10,460	2,724	0,236
10,480	2,729	0,255
10,500	2,734	0,263
10,520	2,740	0,269
10,540	2,745	0,274
10,560	2,751	0,281
10,580	2,756	0,288
10,600	2,761	0,294
10,620	2,766	0,301
10,640	2,771	0,310
10,660	2,777	0,319
10,680	2,782	0,327
10,700	2,788	0,337
10,720	2,793	0,346
10,740	2,798	0,357
10,760	2,803	0,388
10,780	2,808	0,381
10,800	2,814	0,392
10,820	2,819	0,404
10,840	2,824	0,416
10,860	2,829	0,429
10,880	2,835	0,443
10,900	2,840	0,457
10,920	2,845	0,471
10,940	2,850	0,486
10,960	2,856	0,500
10,980	2,861	0,515
11,000	2,866	0,531
11,020	2,871	0,547
11,040	2,877	0,563
11,060	2,882	0,577
11,080	2,887	0,592
11,100	2,893	0,583
11,120	2,898	0,606
11,140	2,903	0,631
11,160	2,908	0,644
11,180	2,914	0,655
11,200	2,919	0,662
11,220	2,924	0,669
11,240	2,929	0,674
11,260	2,935	0,679
11,280	2,940	0,680
11,300	2,945	0,680
11,320	2,950	0,678
11,340	2,955	0,675
11,360	2,961	0,671
11,380	2,967	0,667
11,400	2,972	0,665
11,420	2,977	0,653
11,440	2,982	0,644
11,460	2,987	0,666
11,480	2,992	0,628
11,500	2,998	0,613
11,520	3,003	0,599
11,540	3,008	0,586
11,560	3,014	0,572
11,580	3,019	0,557
11,600	3,024	0,541
11,620	3,029	0,527
11,640	3,035	0,511
11,660	3,040	0,496
11,680	3,046	0,483
11,700	3,051	0,469
11,720	3,056	0,455
11,740	3,062	0,442
11,760	3,067	0,429
11,780	3,071	0,416
11,800	3,077	0,390
11,820	3,082	0,385
11,840	3,087	0,380
11,860	3,093	0,370
11,880	3,098	0,360
11,900	3,103	0,350
11,920	3,109	0,342
11,940	3,114	0,335
11,960	3,119	0,328
11,980	3,124	0,321
12,000	3,129	0,316
12,020	3,134	0,311
12,040	3,139	0,306
12,060	3,144	0,302
12,080	3,150	0,299
12,100	3,155	0,296
12,120	3,160	0,293
12,140	3,166	0,292
12,160	3,168	0,308
12,180	3,167	0,276
12,200	3,166	0,271
12,220	3,165	0,271
12,240	3,165	0,273
12,260	3,165	0,272
12,280	3,165	0,272
12,300	3,165	0,272
12,320	3,165	0,270
12,340	3,165	0,270
12,360	3,165	0,270
12,380	3,165	0,271
12,400	3,165	0,271
12,420	3,165	0,270
12,440	3,166	0,271
12,460	3,165	0,270
12,480	3,165	0,269
12,500	3,166	0,266
12,520	3,166	0,267
12,540	3,166	0,269
12,560	3,166	0,269
12,580	3,166	0,268
12,600	3,166	0,268
12,620	3,166	0,268
12,640	3,166	0,268
12,660	3,166	0,267
12,680	3,166	0,268
12,700	3,166	0,268
12,720	3,166	0,267
12,740	3,166	0,267
12,760	3,166	0,267
12,780	3,166	0,267
12,800	3,166	0,269
12,820	3,166	0,267
12,840	3,166	0,267
12,860	3,166	0,267
12,880	3,166	0,266
12,900	3,166	0,266
12,920	3,166	0,266
12,940	3,166	0,266
12,960	3,166	0,266
12,980	3,166	0,265
13,000	3,166	0,266
13,020	3,166	0,266
13,040	3,166	0,265
13,060	3,166	0,265
13,080	3,166	0,265
13,100	3,166	0,265
13,120	3,166	0,265
13,140	3,166	0,265
13,160	3,166	0,265
13,180	3,166	0,265
13,200	3,166	0,264
13,220	3,165	0,264
13,240	3,166	0,264
13,260	3,166	0,264
13,280	3,166	0,264
13,300	3,166	0,265
13,320	3,166	0,264
13,340	3,166	0,265
13,360	3,166	0,264
13,380	3,166	0,264
13,400	3,166	0,264
13,420	3,166	0,264
13,440	3,166	0,264
13,460	3,166	0,263
13,480	3,166	0,263
13,500	3,166	0,262
13,520	3,166	0,263
13,540	3,166	0,264
13,560	3,166	0,263
13,580	3,167	0,264
13,600	3,166	0,263
13,620	3,166	0,263
13,640	3,166	0,264
13,660	3,166	0,265
13,680	3,166	0,264
13,700	3,166	0,263
13,720	3,166	0,263
13,740	3,166	0,263
13,760	3,166	0,263
13,780	3,166	0,262
13,800	3,166	0,264
13,820	3,166	0,263
13,840	3,166	0,263
13,860	3,166	0,263
13,880	3,166	0,266
13,900	3,166	0,263
13,920	3,166	0,263
13,940	3,166	0,262
13,960	3,166	0,262
13,980	3,166	0,262
14,000	3,166	0,264
14,020	3,166	0,262
14,040	3,166	0,262
14,060	3,166	0,263
14,080	3,166	0,262
14,100	3,166	0,262
14,120	3,166	0,262
14,140	3,166	0,261
14,160	3,166	0,261
14,180	3,166	0,261
14,200	3,166	0,261
14,220	3,166	0,261
14,240	3,166	0,262
14,260	3,166	0,261
14,280	3,166	0,261
14,300	3,166	0,261
14,320	3,166	0,261
14,340	3,166	0,261
14,360	3,166	0,261
14,380	3,166	0,261
14,400	3,166	0,261
14,420	3,166	0,261
14,440	3,166	0,261
14,460	3,166	0,261
14,480	3,166	0,261
14,500	3,166	0,261
14,520	3,166	0,260
14,540	3,166	0,261
14,560	3,166	0,261
14,580	3,166	0,260
14,600	3,166	0,261
14,620	3,166	0,260
14,640	3,166	0,260
14,660	3,166	0,261
14,680	3,166	0,261
14,700	3,166	0,259
14,720	3,166	0,260
14,740	3,166	0,260
14,760	3,166	0,260
14,780	3,166	0,260
14,800	3,166	0,260
14,820	3,166	0,261
14,840	3,166	0,260
14,860	3,166	0,265
14,880	3,166	0,261
14,900	3,166	0,260
14,920	3,166	0,259
14,940	3,165	0,259
14,960	3,166	0,260
14,980	3,166	0,260
15,000	3,166	0,260
15,020	3,166	0,260
15,040	3,166	0,260
15,060	3,166	0,258
15,080	3,166	0,259
15,100	3,166	0,259
15,120	3,166	0,259
15,140	3,166	0,260
15,160	3,166	0,259
15,180	3,166	0,261
15,200	3,166	0,259
15,220	3,166	0,259
15,240	3,166	0,259
15,260	3,166	0,259
15,280	3,166	0,259
15,300	3,166	0,259
15,320	3,166	0,259
15,340	3,166	0,259
15,360	3,166	0,305
15,380	3,166	0,272
15,400	3,166	0,260
15,420	3,166	0,259
15,440	3,166	0,259
15,460	3,166	0,259
15,480	3,166	0,259
15,500	3,166	0,259
15,520	3,166	0,259
15,540	3,166	0,259
15,560	3,166	0,260
15,580	3,166	0,259
15,600	3,166	0,258
15,620	3,166	0,258
15,640	3,166	0,263
15,660	3,166	0,259
15,680	3,166	0,259
15,700	3,166	0,258
15,720	3,166	0,259
15,740	3,166	0,258
15,760	3,166	0,258
15,780	3,166	0,258
15,800	3,166	0,259
15,820	3,166	0,258
15,840	3,166	0,258
15,860	3,166	0,258
15,880	3,166	0,256
15,900	3,166	0,258
