Zeit (s) Messreihe #6	Spannung, Ch A (V) Messreihe #6	Spannung, Ch B (V) Messreihe #6	Zeit (s) Messreihe #7	Spannung, Ch A (V) Messreihe #7	Spannung, Ch B (V) Messreihe #7
0,000	0,003	0,024	0,000	0,003	0,025
0,020	0,003	0,024	0,020	0,003	0,025
0,040	0,003	0,024	0,040	0,003	0,023
0,060	0,003	0,024	0,060	0,003	0,025
0,080	0,004	0,025	0,080	0,003	0,024
0,100	0,003	0,025	0,100	0,003	0,024
0,120	0,003	0,024	0,120	0,003	0,025
0,140	0,003	0,025	0,140	0,003	0,023
0,160	0,003	0,024	0,160	0,003	0,025
0,180	0,003	0,024	0,180	0,003	0,024
0,200	0,003	0,024	0,200	0,003	0,024
0,220	0,003	0,024	0,220	0,003	0,025
0,240	0,003	0,024	0,240	0,003	0,024
0,260	0,003	0,024	0,260	0,003	0,024
0,280	0,003	0,024	0,280	0,003	0,025
0,300	0,003	0,024	0,300	0,003	0,023
0,320	0,003	0,024	0,320	0,003	0,025
0,340	0,003	0,024	0,340	0,003	0,024
0,360	0,003	0,024	0,360	0,003	0,023
0,380	0,003	0,025	0,380	0,003	0,025
0,400	0,003	0,023	0,400	0,003	0,024
0,420	0,003	0,024	0,420	0,003	0,024
0,440	0,004	0,024	0,440	0,003	0,025
0,460	0,003	0,024	0,460	0,003	0,024
0,480	0,003	0,024	0,480	0,003	0,025
0,500	0,003	0,024	0,500	0,003	0,025
0,520	0,003	0,024	0,520	0,003	0,024
0,540	0,003	0,024	0,540	0,003	0,025
0,560	0,004	0,025	0,560	0,003	0,024
0,580	0,003	0,024	0,580	0,003	0,024
0,600	0,003	0,024	0,600	0,003	0,025
0,620	0,003	0,024	0,620	0,003	0,024
0,640	0,003	0,024	0,640	0,003	0,025
0,660	0,003	0,024	0,660	0,003	0,024
0,680	0,003	0,024	0,680	0,003	0,024
0,700	0,003	0,024	0,700	0,003	0,025
0,720	0,003	0,024	0,720	0,003	0,024
0,740	0,003	0,025	0,740	0,003	0,025
0,760	0,003	0,024	0,760	0,003	0,025
0,780	0,003	0,024	0,780	0,003	0,024
0,800	0,003	0,024	0,800	0,003	0,025
0,820	0,003	0,024	0,820	0,003	0,025
0,840	0,003	0,024	0,840	0,003	0,025
0,860	0,003	0,024	0,860	0,004	0,026
0,880	0,003	0,024	0,880	0,003	0,024
0,900	2,327	3,573	0,900	0,003	0,025
0,920	6,287	8,404	0,920	0,003	0,025
0,940	0,007	-0,113	0,940	0,003	0,024
0,960	0,013	-0,077	0,960	0,003	0,025
0,980	0,020	-0,039	0,980	0,003	0,024
1,000	0,026	-0,015	1,000	0,003	0,024
1,020	0,032	0,024	1,020	0,003	0,025
1,040	0,037	0,019	1,040	0,003	0,023
1,060	0,044	0,018	1,060	0,003	0,025
1,080	0,050	0,023	1,080	0,003	0,025
1,100	0,056	0,026	1,100	0,003	0,023
1,120	0,062	0,029	1,120	0,003	0,025
1,140	0,068	0,031	1,140	0,003	0,024
1,160	0,073	0,031	1,160	0,003	0,025
1,180	0,080	0,034	1,180	0,003	0,025
1,200	0,086	0,034	1,200	0,003	0,023
1,220	0,092	0,035	1,220	0,004	0,025
1,240	0,098	0,037	1,240	0,003	0,025
1,260	0,104	0,037	1,260	3,612	5,259
1,280	0,110	0,038	1,280	1,618	9,990
1,300	0,116	0,039	1,300	0,010	2,878
1,320	0,122	0,038	1,320	0,016	0,127
1,340	0,128	0,040	1,340	0,022	0,012
1,360	0,134	0,040	1,360	0,028	0,018
1,380	0,140	0,044	1,380	0,035	0,025
1,400	0,146	0,042	1,400	0,041	0,028
1,420	0,152	0,041	1,420	0,046	0,030
1,440	0,158	0,041	1,440	0,053	0,033
1,460	0,164	0,042	1,460	0,059	0,034
1,480	0,170	0,041	1,480	0,065	0,036
1,500	0,176	0,043	1,500	0,071	0,036
1,520	0,182	0,042	1,520	0,077	0,037
1,540	0,188	0,043	1,540	0,083	0,038
1,560	0,194	0,043	1,560	0,088	0,037
1,580	0,200	0,043	1,580	0,095	0,039
1,600	0,206	0,044	1,600	0,101	0,040
1,620	0,211	0,043	1,620	0,107	0,040
1,640	0,218	0,043	1,640	0,113	0,041
1,660	0,224	0,044	1,660	0,119	0,041
1,680	0,230	0,044	1,680	0,125	0,041
1,700	0,235	0,044	1,700	0,131	0,042
1,720	0,242	0,045	1,720	0,137	0,041
1,740	0,248	0,025	1,740	0,142	0,042
1,760	0,254	0,034	1,760	0,149	0,043
1,780	0,260	0,044	1,780	0,155	0,043
1,800	0,265	0,044	1,800	0,160	0,044
1,820	0,271	0,045	1,820	0,166	0,043
1,840	0,277	0,045	1,840	0,173	0,044
1,860	0,283	0,045	1,860	0,178	0,044
1,880	0,289	0,046	1,880	0,185	0,044
1,900	0,295	0,046	1,900	0,191	0,045
1,920	0,301	0,047	1,920	0,196	0,044
1,940	0,307	0,047	1,940	0,202	0,044
1,960	0,312	0,046	1,960	0,208	0,045
1,980	0,319	0,047	1,980	0,214	0,045
2,000	0,324	0,047	2,000	0,220	0,045
2,020	0,330	0,047	2,020	0,226	0,045
2,040	0,336	0,047	2,040	0,232	0,045
2,060	0,342	0,047	2,060	0,238	0,045
2,080	0,348	0,048	2,080	0,244	0,046
2,100	0,354	0,048	2,100	0,250	0,045
2,120	0,360	0,056	2,120	0,256	0,046
2,140	0,366	0,050	2,140	0,262	0,046
2,160	0,372	0,049	2,160	0,268	0,046
2,180	0,378	0,049	2,180	0,274	0,047
2,200	0,383	0,049	2,200	0,280	0,047
2,220	0,390	0,049	2,220	0,286	0,047
2,240	0,396	0,050	2,240	0,292	0,047
2,260	0,402	0,050	2,260	0,297	0,047
2,280	0,408	0,050	2,280	0,304	0,048
2,300	0,413	0,049	2,300	0,309	0,047
2,320	0,419	0,050	2,320	0,315	0,048
2,340	0,425	0,050	2,340	0,320	0,047
2,360	0,431	0,050	2,360	0,326	0,047
2,380	0,437	0,050	2,380	0,332	0,048
2,400	0,444	0,051	2,400	0,338	0,048
2,420	0,449	0,051	2,420	0,345	0,049
2,440	0,455	0,051	2,440	0,350	0,049
2,460	0,461	0,051	2,460	0,356	0,049
2,480	0,467	0,051	2,480	0,362	0,049
2,500	0,473	0,052	2,500	0,368	0,049
2,520	0,479	0,051	2,520	0,374	0,049
2,540	0,485	0,051	2,540	0,381	0,050
2,560	0,491	0,052	2,560	0,386	0,050
2,580	0,496	0,051	2,580	0,392	0,050
2,600	0,503	0,052	2,600	0,398	0,050
2,620	0,509	0,052	2,620	0,404	0,050
2,640	0,514	0,052	2,640	0,410	0,050
2,660	0,520	0,053	2,660	0,416	0,051
2,680	0,526	0,052	2,680	0,422	0,050
2,700	0,532	0,053	2,700	0,428	0,051
2,720	0,538	0,053	2,720	0,434	0,051
2,740	0,545	0,053	2,740	0,440	0,051
2,760	0,550	0,053	2,760	0,446	0,052
2,780	0,555	0,052	2,780	0,451	0,051
2,800	0,562	0,052	2,800	0,457	0,052
2,820	0,568	0,053	2,820	0,462	0,051
2,840	0,574	0,051	2,840	0,469	0,052
2,860	0,580	0,039	2,860	0,475	0,052
2,880	0,586	0,053	2,880	0,481	0,052
2,900	0,592	0,053	2,900	0,487	0,052
2,920	0,597	0,054	2,920	0,493	0,053
2,940	0,604	0,054	2,940	0,499	0,052
2,960	0,609	0,054	2,960	0,505	0,053
2,980	0,615	0,054	2,980	0,511	0,053
3,000	0,621	0,054	3,000	0,517	0,053
3,020	0,626	0,054	3,020	0,523	0,054
3,040	0,632	0,054	3,040	0,528	0,053
3,060	0,638	0,054	3,060	0,534	0,053
3,080	0,644	0,055	3,080	0,540	0,054
3,100	0,650	0,055	3,100	0,547	0,054
3,120	0,656	0,055	3,120	0,552	0,054
3,140	0,662	0,055	3,140	0,558	0,054
3,160	0,668	0,055	3,160	0,564	0,054
3,180	0,674	0,055	3,180	0,570	0,054
3,200	0,679	0,056	3,200	0,576	0,054
3,220	0,685	0,066	3,220	0,582	0,055
3,240	0,691	0,060	3,240	0,587	0,054
3,260	0,697	0,056	3,260	0,594	0,055
3,280	0,703	0,056	3,280	0,600	0,055
3,300	0,709	0,057	3,300	0,605	0,054
3,320	0,714	0,056	3,320	0,611	0,055
3,340	0,721	0,056	3,340	0,618	0,056
3,360	0,726	0,056	3,360	0,623	0,055
3,380	0,733	0,057	3,380	0,628	0,056
3,400	0,739	0,057	3,400	0,634	0,055
3,420	0,745	0,057	3,420	0,640	0,055
3,440	0,750	0,057	3,440	0,646	0,056
3,460	0,756	0,057	3,460	0,652	0,056
3,480	0,762	0,057	3,480	0,658	0,056
3,500	0,768	0,057	3,500	0,664	0,056
3,520	0,774	0,057	3,520	0,670	0,056
3,540	0,780	0,058	3,540	0,675	0,056
3,560	0,786	0,058	3,560	0,681	0,056
3,580	0,792	0,072	3,580	0,687	0,056
3,600	0,798	0,077	3,600	0,694	0,057
3,620	0,804	0,061	3,620	0,699	0,056
3,640	0,809	0,058	3,640	0,705	0,057
3,660	0,815	0,059	3,660	0,711	0,057
3,680	0,822	0,059	3,680	0,716	0,056
3,700	0,827	0,059	3,700	0,723	0,057
3,720	0,833	0,059	3,720	0,728	0,057
3,740	0,839	0,059	3,740	0,734	0,057
3,760	0,845	0,059	3,760	0,741	0,058
3,780	0,851	0,059	3,780	0,746	0,057
3,800	0,857	0,059	3,800	0,752	0,057
3,820	0,863	0,060	3,820	0,758	0,058
3,840	0,869	0,060	3,840	0,764	0,057
3,860	0,875	0,060	3,860	0,770	0,058
3,880	0,881	0,061	3,880	0,776	0,058
3,900	0,886	0,060	3,900	0,782	0,058
3,920	0,892	0,061	3,920	0,788	0,059
3,940	0,899	0,062	3,940	0,794	0,058
3,960	0,904	0,036	3,960	0,800	0,059
3,980	0,910	0,055	3,980	0,806	0,059
4,000	0,916	0,060	4,000	0,811	0,059
4,020	0,922	0,061	4,020	0,817	0,060
4,040	0,928	0,062	4,040	0,823	0,060
4,060	0,934	0,062	4,060	0,829	0,061
4,080	0,939	0,062	4,080	0,835	0,062
4,100	0,945	0,062	4,100	0,841	0,062
4,120	0,951	0,062	4,120	0,847	0,064
4,140	0,957	0,063	4,140	0,853	0,067
4,160	0,962	0,063	4,160	0,859	0,070
4,180	0,969	0,063	4,180	0,865	0,075
4,200	0,974	0,063	4,200	0,870	0,079
4,220	0,980	0,064	4,220	0,877	0,085
4,240	0,986	0,064	4,240	0,883	0,091
4,260	0,992	0,064	4,260	0,888	0,095
4,280	0,998	0,064	4,280	0,894	0,101
4,300	1,004	0,065	4,300	0,900	0,106
4,320	1,010	0,076	4,320	0,906	0,110
4,340	1,016	0,074	4,340	0,912	0,115
4,360	1,022	0,066	4,360	0,918	0,119
4,380	1,027	0,065	4,380	0,924	0,124
4,400	1,033	0,066	4,400	0,929	0,129
4,420	1,040	0,066	4,420	0,935	0,133
4,440	1,045	0,066	4,440	0,941	0,137
4,460	1,051	0,067	4,460	0,947	0,141
4,480	1,057	0,067	4,480	0,953	0,146
4,500	1,063	0,067	4,500	0,958	0,150
4,520	1,069	0,067	4,520	0,965	0,154
4,540	1,074	0,067	4,540	0,970	0,159
4,560	1,081	0,067	4,560	0,976	0,163
4,580	1,086	0,068	4,580	0,982	0,167
4,600	1,093	0,068	4,600	0,988	0,172
4,620	1,099	0,069	4,620	0,994	0,177
4,640	1,104	0,069	4,640	1,000	0,181
4,660	1,110	0,069	4,660	1,006	0,186
4,680	1,117	0,070	4,680	1,012	0,190
4,700	1,122	0,142	4,700	1,018	0,195
4,720	1,128	0,082	4,720	1,024	0,201
4,740	1,134	0,073	4,740	1,029	0,205
4,760	1,140	0,072	4,760	1,035	0,210
4,780	1,146	0,072	4,780	1,041	0,216
4,800	1,152	0,071	4,800	1,047	0,221
4,820	1,157	0,072	4,820	1,053	0,226
4,840	1,164	0,072	4,840	1,059	0,231
4,860	1,170	0,072	4,860	1,065	0,237
4,880	1,175	0,073	4,880	1,071	0,243
4,900	1,181	0,073	4,900	1,077	0,248
4,920	1,187	0,073	4,920	1,082	0,254
4,940	1,193	0,074	4,940	1,088	0,260
4,960	1,199	0,073	4,960	1,095	0,266
4,980	1,205	0,074	4,980	1,100	0,272
5,000	1,211	0,074	5,000	1,106	0,277
5,020	1,217	0,075	5,020	1,112	0,284
5,040	1,223	0,075	5,040	1,118	0,291
5,060	1,229	0,083	5,060	1,123	0,297
5,080	1,234	0,079	5,080	1,129	0,304
5,100	1,240	0,077	5,100	1,135	0,310
5,120	1,246	0,077	5,120	1,142	0,317
5,140	1,251	0,077	5,140	1,147	0,324
5,160	1,257	0,077	5,160	1,153	0,331
5,180	1,263	0,077	5,180	1,159	0,338
5,200	1,269	0,078	5,200	1,165	0,345
5,220	1,275	0,078	5,220	1,171	0,352
5,240	1,281	0,079	5,240	1,177	0,360
5,260	1,286	0,079	5,260	1,182	0,367
5,280	1,292	0,079	5,280	1,188	0,375
5,300	1,299	0,080	5,300	1,194	0,383
5,320	1,304	0,080	5,320	1,200	0,390
5,340	1,310	0,080	5,340	1,206	0,399
5,360	1,316	0,081	5,360	1,212	0,407
5,380	1,322	0,081	5,380	1,218	0,414
5,400	1,328	0,082	5,400	1,224	0,423
5,420	1,333	0,078	5,420	1,230	0,431
5,440	1,340	0,055	5,440	1,235	0,439
5,460	1,346	0,080	5,460	1,242	0,449
5,480	1,351	0,082	5,480	1,247	0,456
5,500	1,357	0,083	5,500	1,253	0,466
5,520	1,363	0,084	5,520	1,258	0,473
5,540	1,369	0,084	5,540	1,264	0,483
5,560	1,375	0,085	5,560	1,270	0,492
5,580	1,381	0,085	5,580	1,276	0,500
5,600	1,386	0,085	5,600	1,282	0,510
5,620	1,392	0,086	5,620	1,288	0,519
5,640	1,399	0,087	5,640	1,294	0,528
5,660	1,404	0,087	5,660	1,299	0,538
5,680	1,411	0,088	5,680	1,306	0,547
5,700	1,416	0,088	5,700	1,311	0,556
5,720	1,422	0,089	5,720	1,317	0,566
5,740	1,428	0,090	5,740	1,323	0,576
5,760	1,434	0,090	5,760	1,329	0,586
5,780	1,439	0,090	5,780	1,335	0,596
5,800	1,446	0,098	5,800	1,341	0,605
5,820	1,451	0,094	5,820	1,346	0,616
5,840	1,457	0,093	5,840	1,353	0,626
5,860	1,463	0,092	5,860	1,358	0,636
5,880	1,469	0,094	5,880	1,364	0,647
5,900	1,476	0,094	5,900	1,370	0,657
5,920	1,481	0,095	5,920	1,376	0,668
5,940	1,487	0,095	5,940	1,382	0,679
5,960	1,492	0,095	5,960	1,388	0,690
5,980	1,498	0,096	5,980	1,393	0,701
6,000	1,504	0,097	6,000	1,399	0,712
6,020	1,510	0,097	6,020	1,405	0,723
6,040	1,516	0,098	6,040	1,412	0,735
6,060	1,522	0,099	6,060	1,418	0,746
6,080	1,528	0,100	6,080	1,423	0,757
6,100	1,534	0,100	6,100	1,429	0,769
6,120	1,540	0,101	6,120	1,435	0,781
6,140	1,546	0,101	6,140	1,441	0,793
6,160	1,551	0,096	6,160	1,447	0,805
6,180	1,557	0,096	6,180	1,452	0,817
6,200	1,563	0,103	6,200	1,458	0,829
6,220	1,569	0,104	6,220	1,465	0,842
6,240	1,574	0,105	6,240	1,470	0,855
6,260	1,580	0,106	6,260	1,476	0,867
6,280	1,586	0,106	6,280	1,482	0,879
6,300	1,592	0,107	6,300	1,488	0,893
6,320	1,598	0,108	6,320	1,493	0,905
6,340	1,604	0,108	6,340	1,500	0,919
6,360	1,610	0,109	6,360	1,506	0,933
6,380	1,616	0,110	6,380	1,511	0,945
6,400	1,622	0,111	6,400	1,517	0,960
6,420	1,627	0,112	6,420	1,523	0,973
6,440	1,633	0,113	6,440	1,529	0,987
6,460	1,639	0,114	6,460	1,535	1,001
6,480	1,645	0,114	6,480	1,541	1,015
6,500	1,651	0,115	6,500	1,546	1,029
6,520	1,657	0,116	6,520	1,553	1,044
6,540	1,663	0,117	6,540	1,558	1,058
6,560	1,668	0,118	6,560	1,564	1,073
6,580	1,674	0,119	6,580	1,570	1,087
6,600	1,680	0,120	6,600	1,575	1,101
6,620	1,687	0,121	6,620	1,581	1,116
6,640	1,692	0,122	6,640	1,587	1,130
6,660	1,698	0,123	6,660	1,593	1,146
6,680	1,704	0,124	6,680	1,599	1,161
6,700	1,710	0,124	6,700	1,605	1,176
6,720	1,715	0,125	6,720	1,611	1,192
6,740	1,721	0,126	6,740	1,616	1,207
6,760	1,727	0,127	6,760	1,622	1,223
6,780	1,733	0,128	6,780	1,628	1,238
6,800	1,739	0,129	6,800	1,634	1,253
6,820	1,745	0,130	6,820	1,640	1,269
6,840	1,751	0,131	6,840	1,645	1,285
6,860	1,757	0,132	6,860	1,652	1,301
6,880	1,763	0,134	6,880	1,658	1,317
6,900	1,768	0,152	6,900	1,664	1,333
6,920	1,775	0,146	6,920	1,669	1,349
6,940	1,780	0,138	6,940	1,675	1,365
6,960	1,786	0,138	6,960	1,681	1,381
6,980	1,792	0,138	6,980	1,687	1,398
7,000	1,797	0,139	7,000	1,693	1,414
7,020	1,804	0,140	7,020	1,698	1,430
7,040	1,810	0,140	7,040	1,704	1,447
7,060	1,816	0,141	7,060	1,710	1,463
7,080	1,822	0,142	7,080	1,716	1,480
7,100	1,827	0,142	7,100	1,722	1,496
7,120	1,833	0,142	7,120	1,728	1,513
7,140	1,839	0,143	7,140	1,734	1,529
7,160	1,845	0,143	7,160	1,740	1,545
7,180	1,851	0,143	7,180	1,746	1,561
7,200	1,857	0,143	7,200	1,752	1,577
7,220	1,862	0,143	7,220	1,757	1,591
7,240	1,868	0,143	7,240	1,763	1,607
7,260	1,874	0,143	7,260	1,769	1,620
7,280	1,880	0,092	7,280	1,775	1,634
7,300	1,885	0,136	7,300	1,781	1,646
7,320	1,891	0,141	7,320	1,787	1,657
7,340	1,896	0,142	7,340	1,793	1,667
7,360	1,902	0,142	7,360	1,798	1,675
7,380	1,909	0,143	7,380	1,804	1,681
7,400	1,914	0,143	7,400	1,810	1,687
7,420	1,920	0,143	7,420	1,816	1,689
7,440	1,926	0,143	7,440	1,822	1,689
7,460	1,932	0,143	7,460	1,827	1,688
7,480	1,938	0,142	7,480	1,834	1,685
7,500	1,944	0,142	7,500	1,840	1,680
7,520	1,949	0,142	7,520	1,845	1,673
7,540	1,955	0,141	7,540	1,851	1,665
7,560	1,961	0,141	7,560	1,857	1,657
7,580	1,967	0,141	7,580	1,863	1,648
7,600	1,973	0,140	7,600	1,869	1,639
7,620	1,979	0,140	7,620	1,874	1,629
7,640	1,984	0,174	7,640	1,880	1,620
7,660	1,990	0,152	7,660	1,885	1,611
7,680	1,996	0,140	7,680	1,891	1,603
7,700	2,003	0,139	7,700	1,897	1,593
7,720	2,008	0,138	7,720	1,903	1,584
7,740	2,014	0,137	7,740	1,908	1,573
7,760	2,020	0,137	7,760	1,915	1,563
7,780	2,026	0,135	7,780	1,920	1,552
7,800	2,032	0,135	7,800	1,927	1,540
7,820	2,037	0,134	7,820	1,932	1,528
7,840	2,043	0,133	7,840	1,938	1,514
7,860	2,049	0,132	7,860	1,944	1,501
7,880	2,055	0,132	7,880	1,950	1,486
7,900	2,061	0,131	7,900	1,956	1,470
7,920	2,067	0,130	7,920	1,961	1,454
7,940	2,073	0,130	7,940	1,967	1,437
7,960	2,079	0,129	7,960	1,973	1,419
7,980	2,084	0,128	7,980	1,979	1,401
8,000	2,091	0,118	8,000	1,985	1,382
8,020	2,097	0,102	8,020	1,991	1,364
8,040	2,102	0,123	8,040	1,997	1,343
8,060	2,108	0,125	8,060	2,002	1,323
8,080	2,114	0,124	8,080	2,009	1,303
8,100	2,120	0,123	8,100	2,014	1,282
8,120	2,126	0,122	8,120	2,021	1,261
8,140	2,131	0,122	8,140	2,026	1,240
8,160	2,137	0,121	8,160	2,032	1,218
8,180	2,143	0,120	8,180	2,038	1,197
8,200	2,149	0,119	8,200	2,044	1,176
8,220	2,155	0,119	8,220	2,049	1,154
8,240	2,161	0,118	8,240	2,056	1,134
8,260	2,167	0,117	8,260	2,061	1,112
8,280	2,173	0,116	8,280	2,067	1,091
8,300	2,179	0,116	8,300	2,073	1,071
8,320	2,184	0,114	8,320	2,079	1,050
8,340	2,190	0,113	8,340	2,085	1,029
8,360	2,195	0,113	8,360	2,090	1,008
8,380	2,201	0,112	8,380	2,096	0,987
8,400	2,207	0,111	8,400	2,102	0,965
8,420	2,213	0,110	8,420	2,108	0,945
8,440	2,218	0,109	8,440	2,114	0,924
8,460	2,224	0,108	8,460	2,119	0,902
8,480	2,230	0,108	8,480	2,126	0,881
8,500	2,237	0,107	8,500	2,132	0,861
8,520	2,242	0,106	8,520	2,138	0,841
8,540	2,248	0,105	8,540	2,143	0,820
8,560	2,254	0,104	8,560	2,150	0,801
8,580	2,260	0,103	8,580	2,155	0,780
8,600	2,266	0,102	8,600	2,161	0,760
8,620	2,272	0,102	8,620	2,167	0,740
8,640	2,277	0,100	8,640	2,173	0,720
8,660	2,283	0,099	8,660	2,178	0,701
8,680	2,289	0,099	8,680	2,184	0,682
8,700	2,295	0,097	8,700	2,189	0,662
8,720	2,300	0,096	8,720	2,195	0,644
8,740	2,306	0,083	8,740	2,201	0,624
8,760	2,312	0,083	8,760	2,207	0,606
8,780	2,318	0,092	8,780	2,213	0,587
8,800	2,324	0,092	8,800	2,219	0,569
8,820	2,330	0,091	8,820	2,224	0,549
8,840	2,336	0,090	8,840	2,230	0,531
8,860	2,342	0,089	8,860	2,236	0,513
8,880	2,348	0,088	8,880	2,242	0,494
8,900	2,354	0,087	8,900	2,248	0,476
8,920	2,359	0,086	8,920	2,254	0,458
8,940	2,365	0,085	8,940	2,259	0,439
8,960	2,371	0,084	8,960	2,265	0,420
8,980	2,377	0,083	8,980	2,271	0,402
9,000	2,382	0,081	9,000	2,277	0,383
9,020	2,389	0,080	9,020	2,283	0,364
9,040	2,394	0,078	9,040	2,289	0,345
9,060	2,400	0,078	9,060	2,295	0,326
9,080	2,406	0,076	9,080	2,300	0,307
9,100	2,412	0,075	9,100	2,307	0,288
9,120	2,418	0,081	9,120	2,312	0,269
9,140	2,424	0,074	9,140	2,318	0,250
9,160	2,429	0,072	9,160	2,324	0,231
9,180	2,435	0,071	9,180	2,330	0,212
9,200	2,441	0,069	9,200	2,336	0,194
9,220	2,447	0,068	9,220	2,342	0,175
9,240	2,453	0,068	9,240	2,347	0,157
9,260	2,458	0,066	9,260	2,353	0,138
9,280	2,465	0,066	9,280	2,359	0,122
9,300	2,470	0,064	9,300	2,365	0,105
9,320	2,476	0,063	9,320	2,370	0,089
9,340	2,482	0,062	9,340	2,377	0,074
9,360	2,488	0,061	9,360	2,382	0,059
9,380	2,494	0,061	9,380	2,388	0,046
9,400	2,500	0,059	9,400	2,394	0,034
9,420	2,505	0,058	9,420	2,400	0,022
9,440	2,511	0,058	9,440	2,405	0,012
9,460	2,517	0,056	9,460	2,412	0,003
9,480	2,523	0,049	9,480	2,417	-0,006
9,500	2,529	0,051	9,500	2,424	-0,013
9,520	2,534	0,054	9,520	2,429	-0,020
9,540	2,541	0,054	9,540	2,435	-0,027
9,560	2,547	0,053	9,560	2,441	-0,032
9,580	2,552	0,053	9,580	2,446	-0,038
9,600	2,558	0,053	9,600	2,452	-0,043
9,620	2,564	0,054	9,620	2,458	-0,048
9,640	2,570	0,055	9,640	2,464	-0,053
9,660	2,576	0,057	9,660	2,470	-0,057
9,680	2,581	0,060	9,680	2,476	-0,061
9,700	2,587	0,064	9,700	2,482	-0,064
9,720	2,593	0,068	9,720	2,488	-0,067
9,740	2,599	0,074	9,740	2,494	-0,071
9,760	2,605	0,080	9,760	2,499	-0,073
9,780	2,611	0,086	9,780	2,505	-0,075
9,800	2,617	0,093	9,800	2,511	-0,078
9,820	2,622	0,100	9,820	2,517	-0,080
9,840	2,628	0,107	9,840	2,523	-0,081
9,860	2,634	0,141	9,860	2,528	-0,083
9,880	2,640	0,123	9,880	2,534	-0,084
9,900	2,645	0,126	9,900	2,540	-0,083
9,920	2,652	0,131	9,920	2,546	-0,082
9,940	2,658	0,137	9,940	2,552	-0,079
9,960	2,663	0,141	9,960	2,557	-0,074
9,980	2,669	0,146	9,980	2,563	-0,065
10,000	2,675	0,151	10,000	2,569	-0,052
10,020	2,681	0,155	10,020	2,575	-0,032
10,040	2,687	0,160	10,040	2,581	-0,002
10,060	2,693	0,164	10,060	2,587	0,046
10,080	2,699	0,168	10,080	2,592	0,116
10,100	2,704	0,172	10,100	2,599	0,205
10,120	2,710	0,176	10,120	2,605	0,302
10,140	2,716	0,180	10,140	2,610	0,396
10,160	2,722	0,184	10,160	2,616	0,486
10,180	2,728	0,189	10,180	2,621	0,569
10,200	2,734	0,193	10,200	2,628	0,646
10,220	2,740	0,199	10,220	2,633	0,717
10,240	2,745	0,202	10,240	2,640	0,783
10,260	2,751	0,207	10,260	2,645	0,842
10,280	2,757	0,212	10,280	2,651	0,898
10,300	2,762	0,217	10,300	2,657	0,949
10,320	2,769	0,224	10,320	2,663	0,998
10,340	2,775	0,230	10,340	2,668	1,042
10,360	2,780	0,237	10,360	2,675	1,085
10,380	2,786	0,245	10,380	2,680	1,125
10,400	2,792	0,253	10,400	2,686	1,163
10,420	2,798	0,262	10,420	2,692	1,201
10,440	2,804	0,271	10,440	2,697	1,236
10,460	2,809	0,279	10,460	2,703	1,271
10,480	2,815	0,288	10,480	2,709	1,305
10,500	2,820	0,297	10,500	2,715	1,340
10,520	2,826	0,306	10,520	2,721	1,374
10,540	2,832	0,315	10,540	2,727	1,409
10,560	2,838	0,324	10,560	2,733	1,445
10,580	2,843	0,321	10,580	2,738	1,484
10,600	2,850	0,301	10,600	2,744	1,526
10,620	2,856	0,344	10,620	2,750	1,571
10,640	2,861	0,355	10,640	2,756	1,620
10,660	2,867	0,363	10,660	2,762	1,673
10,680	2,873	0,372	10,680	2,768	1,731
10,700	2,879	0,380	10,700	2,774	1,792
10,720	2,884	0,387	10,720	2,780	1,857
10,740	2,891	0,396	10,740	2,785	1,923
10,760	2,896	0,403	10,760	2,791	1,991
10,780	2,902	0,411	10,780	2,797	2,060
10,800	2,908	0,420	10,800	2,803	2,128
10,820	2,914	0,427	10,820	2,808	2,195
10,840	2,919	0,435	10,840	2,814	2,260
10,860	2,925	0,444	10,860	2,820	2,325
10,880	2,931	0,452	10,880	2,825	2,386
10,900	2,937	0,461	10,900	2,831	2,446
10,920	2,943	0,469	10,920	2,837	2,503
10,940	2,949	0,478	10,940	2,843	2,559
10,960	2,955	0,496	10,960	2,849	2,614
10,980	2,961	0,498	10,980	2,855	2,667
11,000	2,967	0,505	11,000	2,860	2,719
11,020	2,972	0,512	11,020	2,866	2,772
11,040	2,978	0,521	11,040	2,872	2,825
11,060	2,984	0,530	11,060	2,878	2,878
11,080	2,990	0,539	11,080	2,883	2,931
11,100	2,995	0,546	11,100	2,890	2,984
11,120	3,002	0,556	11,120	2,895	3,038
11,140	3,007	0,565	11,140	2,901	3,092
11,160	3,013	0,573	11,160	2,907	3,147
11,180	3,019	0,582	11,180	2,913	3,202
11,200	3,024	0,591	11,200	2,918	3,258
11,220	3,030	0,599	11,220	2,924	3,314
11,240	3,037	0,609	11,240	2,930	3,370
11,260	3,042	0,618	11,260	2,937	3,427
11,280	3,048	0,627	11,280	2,942	3,483
11,300	3,054	0,636	11,300	2,948	3,539
11,320	3,060	0,650	11,320	2,953	3,595
11,340	3,066	0,661	11,340	2,960	3,651
11,360	3,071	0,663	11,360	2,965	3,706
11,380	3,077	0,673	11,380	2,971	3,760
11,400	3,083	0,681	11,400	2,977	3,815
11,420	3,089	0,691	11,420	2,982	3,869
11,440	3,095	0,700	11,440	2,989	3,924
11,460	3,101	0,709	11,460	2,995	3,978
11,480	3,106	0,719	11,480	3,000	4,032
11,500	3,112	0,728	11,500	3,006	4,086
11,520	3,118	0,738	11,520	3,012	4,140
11,540	3,123	0,747	11,540	3,018	4,194
11,560	3,129	0,757	11,560	3,023	4,248
11,580	3,134	0,766	11,580	3,029	4,301
11,600	3,141	0,776	11,600	3,035	4,355
11,620	3,146	0,786	11,620	3,041	4,409
11,640	3,152	0,796	11,640	3,047	4,462
11,660	3,158	0,806	11,660	3,053	4,516
11,680	3,164	0,816	11,680	3,058	4,569
11,700	3,169	0,861	11,700	3,064	4,622
11,720	3,175	0,842	11,720	3,070	4,676
11,740	3,181	0,848	11,740	3,076	4,729
11,760	3,187	0,858	11,760	3,081	4,782
11,780	3,192	0,867	11,780	3,087	4,836
11,800	3,199	0,878	11,800	3,093	4,890
11,820	3,204	0,888	11,820	3,099	4,944
11,840	3,210	0,899	11,840	3,105	4,997
11,860	3,216	0,910	11,860	3,111	5,052
11,880	3,222	0,920	11,880	3,116	5,105
11,900	3,228	0,931	11,900	3,122	5,159
11,920	3,234	0,942	11,920	3,127	5,214
11,940	3,239	0,953	11,940	3,133	5,268
11,960	3,245	0,964	11,960	3,139	5,323
11,980	3,251	0,975	11,980	3,144	5,376
12,000	3,257	0,985	12,000	3,150	5,432
12,020	3,263	0,997	12,020	3,156	5,487
12,040	3,269	1,008	12,040	3,162	5,541
12,060	3,274	0,994	12,060	3,168	5,595
12,080	3,280	1,014	12,080	3,174	5,650
12,100	3,286	1,039	12,100	3,180	5,705
12,120	3,292	1,051	12,120	3,186	5,760
12,140	3,297	1,063	12,140	3,191	5,814
12,160	3,303	1,074	12,160	3,197	5,869
12,180	3,309	1,085	12,180	3,203	5,923
12,200	3,315	1,097	12,200	3,208	5,977
12,220	3,321	1,109	12,220	3,214	6,032
12,240	3,327	1,120	12,240	3,220	6,087
12,260	3,333	1,132	12,260	3,226	6,142
12,280	3,338	1,143	12,280	3,232	6,196
12,300	3,344	1,154	12,300	3,237	6,250
12,320	3,350	1,167	12,320	3,244	6,306
12,340	3,356	1,178	12,340	3,250	6,359
12,360	3,362	1,190	12,360	3,255	6,413
12,380	3,368	1,202	12,380	3,261	6,468
12,400	3,373	1,214	12,400	3,267	6,522
12,420	3,379	1,225	12,420	3,273	6,575
12,440	3,385	1,226	12,440	3,278	6,629
12,460	3,391	1,248	12,460	3,284	6,683
12,480	3,397	1,261	12,480	3,290	6,737
12,500	3,402	1,273	12,500	3,296	6,790
12,520	3,408	1,284	12,520	3,301	6,843
12,540	3,414	1,296	12,540	3,307	6,897
12,560	3,420	1,309	12,560	3,313	6,951
12,580	3,426	1,321	12,580	3,319	7,003
12,600	3,431	1,332	12,600	3,325	7,056
12,620	3,437	1,345	12,620	3,330	7,108
12,640	3,442	1,357	12,640	3,337	7,161
12,660	3,449	1,369	12,660	3,343	7,214
12,680	3,454	1,381	12,680	3,348	7,267
12,700	3,460	1,392	12,700	3,354	7,318
12,720	3,466	1,404	12,720	3,359	7,370
12,740	3,471	1,416	12,740	3,366	7,423
12,760	3,478	1,427	12,760	3,371	7,474
12,780	3,483	1,438	12,780	3,377	7,526
12,800	3,489	1,487	12,800	3,383	7,578
12,820	3,495	1,475	12,820	3,389	7,629
12,840	3,500	1,472	12,840	3,395	7,679
12,860	3,506	1,481	12,860	3,401	7,730
12,880	3,512	1,491	12,880	3,406	7,780
12,900	3,518	1,500	12,900	3,412	7,831
12,920	3,524	1,509	12,920	3,418	7,882
12,940	3,530	1,518	12,940	3,424	7,931
12,960	3,536	1,525	12,960	3,430	7,981
12,980	3,542	1,533	12,980	3,435	8,030
13,000	3,547	1,540	13,000	3,441	8,079
13,020	3,553	1,546	13,020	3,447	8,127
13,040	3,558	1,551	13,040	3,453	8,175
13,060	3,565	1,556	13,060	3,458	8,221
13,080	3,570	1,560	13,080	3,464	8,267
13,100	3,576	1,565	13,100	3,470	8,313
13,120	3,582	1,568	13,120	3,475	8,357
13,140	3,588	1,572	13,140	3,481	8,399
13,160	3,593	1,562	13,160	3,487	8,443
13,180	3,600	1,527	13,180	3,493	8,483
13,200	3,605	1,575	13,200	3,498	8,521
13,220	3,611	1,581	13,220	3,504	8,559
13,240	3,617	1,585	13,240	3,510	8,594
13,260	3,623	1,587	13,260	3,516	8,625
13,280	3,628	1,590	13,280	3,522	8,655
13,300	3,634	1,593	13,300	3,527	8,681
13,320	3,640	1,597	13,320	3,533	8,704
13,340	3,646	1,599	13,340	3,539	8,726
13,360	3,652	1,602	13,360	3,545	8,743
13,380	3,657	1,604	13,380	3,551	8,758
13,400	3,664	1,607	13,400	3,556	8,768
13,420	3,670	1,609	13,420	3,563	8,776
13,440	3,675	1,610	13,440	3,569	8,780
13,460	3,681	1,612	13,460	3,574	8,781
13,480	3,687	1,613	13,480	3,580	8,778
13,500	3,693	1,613	13,500	3,586	8,771
13,520	3,698	1,614	13,520	3,591	8,763
13,540	3,704	1,604	13,540	3,598	8,753
13,560	3,710	1,611	13,560	3,603	8,741
13,580	3,716	1,613	13,580	3,609	8,730
13,600	3,721	1,611	13,600	3,615	8,718
13,620	3,727	1,611	13,620	3,620	8,707
13,640	3,733	1,609	13,640	3,626	8,695
13,660	3,738	1,606	13,660	3,632	8,685
13,680	3,744	1,604	13,680	3,638	8,674
13,700	3,750	1,602	13,700	3,644	8,664
13,720	3,756	1,599	13,720	3,650	8,653
13,740	3,762	1,596	13,740	3,655	8,642
13,760	3,767	1,592	13,760	3,661	8,629
13,780	3,773	1,589	13,780	3,667	8,615
13,800	3,779	1,585	13,800	3,673	8,599
13,820	3,785	1,581	13,820	3,679	8,583
13,840	3,790	1,577	13,840	3,684	8,564
13,860	3,796	1,572	13,860	3,690	8,544
13,880	3,802	1,569	13,880	3,696	8,522
13,900	3,808	1,581	13,900	3,702	8,499
13,920	3,814	1,592	13,920	3,708	8,474
13,940	3,819	1,559	13,940	3,713	8,447
13,960	3,825	1,552	13,960	3,719	8,419
13,980	3,831	1,547	13,980	3,725	8,388
14,000	3,837	1,543	14,000	3,731	8,357
14,020	3,843	1,538	14,020	3,737	8,324
14,040	3,848	1,533	14,040	3,742	8,288
14,060	3,854	1,528	14,060	3,748	8,252
14,080	3,860	1,522	14,080	3,753	8,213
14,100	3,866	1,517	14,100	3,759	8,173
14,120	3,872	1,512	14,120	3,765	8,132
14,140	3,878	1,507	14,140	3,771	8,089
14,160	3,883	1,500	14,160	3,776	8,046
14,180	3,889	1,494	14,180	3,782	8,001
14,200	3,895	1,489	14,200	3,788	7,956
14,220	3,901	1,483	14,220	3,794	7,910
14,240	3,906	1,476	14,240	3,800	7,864
14,260	3,913	1,470	14,260	3,805	7,818
14,280	3,918	1,430	14,280	3,811	7,772
14,300	3,924	1,451	14,300	3,817	7,725
14,320	3,930	1,449	14,320	3,823	7,680
14,340	3,935	1,441	14,340	3,829	7,634
14,360	3,941	1,435	14,360	3,834	7,588
14,380	3,947	1,428	14,380	3,840	7,542
14,400	3,953	1,421	14,400	3,846	7,495
14,420	3,959	1,413	14,420	3,852	7,448
14,440	3,964	1,404	14,440	3,858	7,401
14,460	3,971	1,397	14,460	3,864	7,354
14,480	3,976	1,389	14,480	3,869	7,306
14,500	3,982	1,381	14,500	3,875	7,257
14,520	3,988	1,372	14,520	3,881	7,209
14,540	3,994	1,364	14,540	3,887	7,159
14,560	3,999	1,355	14,560	3,892	7,110
14,580	4,005	1,346	14,580	3,898	7,060
14,600	4,010	1,336	14,600	3,904	7,009
14,620	4,017	1,327	14,620	3,910	6,957
14,640	4,023	1,325	14,640	3,915	6,905
14,660	4,028	1,314	14,660	3,921	6,852
14,680	4,034	1,298	14,680	3,927	6,800
14,700	4,040	1,287	14,700	3,933	6,747
14,720	4,046	1,277	14,720	3,938	6,693
14,740	4,052	1,265	14,740	3,944	6,640
14,760	4,057	1,254	14,760	3,950	6,585
14,780	4,063	1,243	14,780	3,956	6,531
14,800	4,069	1,231	14,800	3,962	6,474
14,820	4,074	1,219	14,820	3,968	6,419
14,840	4,080	1,207	14,840	3,973	6,364
14,860	4,086	1,195	14,860	3,979	6,307
14,880	4,092	1,182	14,880	3,985	6,251
14,900	4,097	1,169	14,900	3,991	6,194
14,920	4,103	1,156	14,920	3,997	6,136
14,940	4,109	1,143	14,940	4,002	6,077
14,960	4,115	1,130	14,960	4,008	6,019
14,980	4,120	1,116	14,980	4,014	5,959
15,000	4,126	1,103	15,000	4,020	5,898
15,020	4,132	1,187	15,020	4,026	5,838
15,040	4,138	1,091	15,040	4,031	5,775
15,060	4,143	1,064	15,060	4,037	5,712
15,080	4,149	1,049	15,080	4,043	5,649
15,100	4,155	1,035	15,100	4,049	5,584
15,120	4,161	1,020	15,120	4,054	5,519
15,140	4,166	1,005	15,140	4,060	5,453
15,160	4,173	0,991	15,160	4,065	5,386
15,180	4,178	0,976	15,180	4,071	5,318
15,200	4,184	0,962	15,200	4,076	5,250
15,220	4,190	0,947	15,220	4,082	5,181
15,240	4,196	0,931	15,240	4,088	5,111
15,260	4,201	0,917	15,260	4,094	5,040
15,280	4,207	0,902	15,280	4,100	4,969
15,300	4,213	0,887	15,300	4,106	4,898
15,320	4,219	0,872	15,320	4,112	4,826
15,340	4,225	0,858	15,340	4,118	4,754
15,360	4,231	0,843	15,360	4,123	4,680
15,380	4,236	0,771	15,380	4,129	4,608
15,400	4,242	0,790	15,400	4,135	4,535
15,420	4,248	0,801	15,420	4,141	4,461
15,440	4,254	0,794	15,440	4,146	4,388
15,460	4,259	0,786	15,460	4,152	4,314
15,480	4,265	0,780	15,480	4,158	4,240
15,500	4,271	0,778	15,500	4,164	4,166
15,520	4,277	0,778	15,520	4,169	4,092
15,540	4,283	0,781	15,540	4,175	4,018
15,560	4,288	0,787	15,560	4,181	3,944
15,580	4,294	0,795	15,580	4,187	3,870
15,600	4,300	0,806	15,600	4,193	3,797
15,620	4,307	0,819	15,620	4,198	3,725
15,640	4,312	0,830	15,640	4,204	3,654
15,660	4,317	0,842	15,660	4,210	3,584
15,680	4,323	0,854	15,680	4,215	3,517
15,700	4,329	0,865	15,700	4,222	3,456
15,720	4,335	0,873	15,720	4,227	3,399
15,740	4,341	0,880	15,740	4,233	3,350
15,760	4,346	0,885	15,760	4,239	3,311
15,780	4,352	0,889	15,780	4,245	3,282
15,800	4,358	0,891	15,800	4,250	3,268
15,820	4,364	0,891	15,820	4,256	3,268
15,840	4,370	0,890	15,840	4,262	3,282
15,860	4,375	0,889	15,860	4,268	3,310
15,880	4,380	0,886	15,880	4,273	3,348
15,900	4,386	0,884	15,900	4,279	3,395
15,920	4,392	0,880	15,920	4,285	3,447
15,940	4,397	0,876	15,940	4,291	3,499
15,960	4,403	0,871	15,960	4,297	3,550
15,980	4,409	0,866	15,980	4,303	3,596
16,000	4,415	0,862	16,000	4,308	3,634
16,020	4,420	0,857	16,020	4,314	3,666
16,040	4,426	0,853	16,040	4,320	3,688
16,060	4,432	0,849	16,060	4,326	3,703
16,080	4,438	0,846	16,080	4,331	3,711
16,100	4,443	0,844	16,100	4,337	3,712
16,120	4,450	0,855	16,120	4,343	3,708
16,140	4,455	0,848	16,140	4,349	3,699
16,160	4,461	0,849	16,160	4,355	3,686
16,180	4,467	0,855	16,180	4,360	3,669
16,200	4,472	0,863	16,200	4,366	3,649
16,220	4,478	0,874	16,220	4,372	3,627
16,240	4,484	0,887	16,240	4,377	3,603
16,260	4,490	0,902	16,260	4,382	3,578
16,280	4,496	0,918	16,280	4,388	3,552
16,300	4,502	0,935	16,300	4,394	3,526
16,320	4,507	0,952	16,320	4,400	3,499
16,340	4,513	0,969	16,340	4,406	3,475
16,360	4,519	0,986	16,360	4,411	3,453
16,380	4,525	1,002	16,380	4,417	3,436
16,400	4,531	1,018	16,400	4,423	3,424
16,420	4,536	1,031	16,420	4,428	3,419
16,440	4,542	1,044	16,440	4,434	3,422
16,460	4,548	1,056	16,460	4,440	3,436
16,480	4,554	1,067	16,480	4,446	3,460
16,500	4,560	1,078	16,500	4,452	3,493
16,520	4,565	1,087	16,520	4,457	3,536
16,540	4,571	1,096	16,540	4,463	3,589
16,560	4,577	1,106	16,560	4,469	3,648
16,580	4,582	1,115	16,580	4,475	3,711
16,600	4,588	1,125	16,600	4,481	3,777
16,620	4,594	1,134	16,620	4,487	3,845
16,640	4,600	1,145	16,640	4,492	3,911
16,660	4,606	1,156	16,660	4,498	3,974
16,680	4,611	1,167	16,680	4,504	4,035
16,700	4,617	1,179	16,700	4,510	4,090
16,720	4,623	1,191	16,720	4,515	4,140
16,740	4,629	1,204	16,740	4,521	4,185
16,760	4,634	1,218	16,760	4,527	4,226
16,780	4,640	1,232	16,780	4,533	4,263
16,800	4,646	1,247	16,800	4,538	4,297
16,820	4,652	1,263	16,820	4,544	4,330
16,840	4,658	1,279	16,840	4,550	4,361
16,860	4,663	1,283	16,860	4,555	4,391
16,880	4,669	1,310	16,880	4,561	4,424
16,900	4,675	1,330	16,900	4,567	4,456
16,920	4,680	1,348	16,920	4,573	4,489
16,940	4,686	1,366	16,940	4,579	4,525
16,960	4,692	1,385	16,960	4,585	4,561
16,980	4,697	1,404	16,980	4,590	4,600
17,000	4,703	1,422	17,000	4,596	4,642
17,020	4,709	1,442	17,020	4,602	4,684
17,040	4,715	1,461	17,040	4,607	4,730
17,060	4,720	1,480	17,060	4,613	4,777
17,080	4,726	1,500	17,080	4,619	4,828
17,100	4,732	1,520	17,100	4,625	4,882
17,120	4,738	1,539	17,120	4,631	4,937
17,140	4,743	1,558	17,140	4,637	4,995
17,160	4,749	1,578	17,160	4,643	5,054
17,180	4,755	1,597	17,180	4,648	5,114
17,200	4,761	1,616	17,200	4,654	5,177
17,220	4,767	1,654	17,220	4,660	5,239
17,240	4,773	1,668	17,240	4,665	5,304
17,260	4,778	1,677	17,260	4,671	5,369
17,280	4,784	1,698	17,280	4,676	5,436
17,300	4,790	1,718	17,300	4,683	5,504
17,320	4,795	1,740	17,320	4,688	5,571
17,340	4,801	1,761	17,340	4,693	5,638
17,360	4,807	1,784	17,360	4,699	5,706
17,380	4,813	1,807	17,380	4,705	5,772
17,400	4,819	1,829	17,400	4,711	5,838
17,420	4,825	1,853	17,420	4,716	5,904
17,440	4,830	1,877	17,440	4,722	5,970
17,460	4,836	1,901	17,460	4,728	6,035
17,480	4,842	1,926	17,480	4,734	6,101
17,500	4,847	1,951	17,500	4,739	6,167
17,520	4,853	1,976	17,520	4,745	6,234
17,540	4,859	2,000	17,540	4,751	6,302
17,560	4,865	2,027	17,560	4,757	6,371
17,580	4,870	2,051	17,580	4,763	6,440
17,600	4,877	2,028	17,600	4,768	6,511
17,620	4,882	2,098	17,620	4,774	6,584
17,640	4,888	2,129	17,640	4,780	6,657
17,660	4,894	2,156	17,660	4,786	6,732
17,680	4,899	2,183	17,680	4,791	6,810
17,700	4,905	2,210	17,700	4,797	6,888
17,720	4,911	2,237	17,720	4,803	6,967
17,740	4,917	2,264	17,740	4,808	7,046
17,760	4,922	2,292	17,760	4,814	7,127
17,780	4,928	2,320	17,780	4,820	7,210
17,800	4,934	2,349	17,800	4,826	7,291
17,820	4,939	2,377	17,820	4,832	7,375
17,840	4,945	2,406	17,840	4,837	7,459
17,860	4,951	2,435	17,860	4,843	7,543
17,880	4,957	2,463	17,880	4,849	7,629
17,900	4,963	2,494	17,900	4,854	7,714
17,920	4,968	2,522	17,920	4,860	7,799
17,940	4,974	2,552	17,940	4,866	7,886
17,960	4,980	2,583	17,960	4,872	7,973
17,980	4,986	2,613	17,980	4,878	8,060
18,000	4,992	2,643	18,000	4,884	8,149
18,020	4,997	2,674	18,020	4,889	8,238
18,040	5,003	2,704	18,040	4,895	8,329
18,060	5,009	2,736	18,060	4,901	8,418
18,080	5,014	2,767	18,080	4,907	8,510
18,100	5,020	2,798	18,100	4,912	8,600
18,120	5,026	2,831	18,120	4,918	8,693
18,140	5,032	2,862	18,140	4,924	8,786
18,160	5,038	2,895	18,160	4,930	8,879
18,180	5,044	2,927	18,180	4,935	8,971
18,200	5,049	2,959	18,200	4,941	9,065
18,220	5,054	2,992	18,220	4,947	9,160
18,240	5,061	3,025	18,240	4,952	9,254
18,260	5,066	3,058	18,260	4,958	9,348
18,280	5,072	3,091	18,280	4,964	9,445
18,300	5,078	3,125	18,300	4,970	9,544
18,320	5,084	3,161	18,320	4,975	9,639
18,340	5,089	3,215	18,340	4,981	9,733
18,360	5,095	3,228	18,360	4,987	9,813
18,380	5,101	3,261	18,380	4,993	9,879
18,400	5,107	3,295	18,400	4,999	9,931
18,420	5,112	3,329	18,420	5,004	9,966
18,440	5,118	3,363	18,440	5,010	9,990
18,460	5,124	3,399	18,460	5,016	9,991
18,480	5,130	3,433	18,480	5,022	9,991
18,500	5,136	3,469	18,500	5,027	9,991
18,520	5,141	3,503	18,520	5,033	9,991
18,540	5,147	3,539	18,540	5,039	9,991
18,560	5,153	3,574	18,560	5,045	9,990
18,580	5,159	3,609	18,580	5,050	9,990
18,600	5,164	3,644	18,600	5,056	9,990
18,620	5,170	3,680	18,620	5,062	9,990
18,640	5,176	3,716	18,640	5,068	9,990
18,660	5,181	3,751	18,660	5,073	9,990
18,680	5,188	3,788	18,680	5,079	9,990
18,700	5,193	3,870	18,700	5,085	9,990
18,720	5,199	3,867	18,720	5,091	9,990
18,740	5,205	3,894	18,740	5,097	9,990
18,760	5,211	3,929	18,760	5,102	9,990
18,780	5,216	3,962	18,780	5,108	9,990
18,800	5,221	3,996	18,800	5,114	9,990
18,820	5,227	4,030	18,820	5,120	9,990
18,840	5,234	4,064	18,840	5,125	9,990
18,860	5,239	4,097	18,860	5,131	9,990
18,880	5,245	4,130	18,880	5,137	9,990
18,900	5,250	4,161	18,900	5,142	9,990
18,920	5,256	4,194	18,920	5,148	9,990
18,940	5,262	4,225	18,940	5,154	9,990
18,960	5,268	4,256	18,960	5,159	9,990
18,980	5,274	4,286	18,980	5,165	9,990
19,000	5,279	4,315	19,000	5,171	9,990
19,020	5,285	4,345	19,020	5,177	9,990
19,040	5,291	4,373	19,040	5,183	9,990
19,060	5,297	4,354	19,060	5,188	9,990
19,080	5,302	4,384	19,080	5,194	9,990
19,100	5,307	4,453	19,100	5,200	9,990
19,120	5,313	4,483	19,120	5,206	9,990
19,140	5,319	4,510	19,140	5,212	9,990
19,160	5,325	4,536	19,160	5,217	9,990
19,180	5,331	4,562	19,180	5,223	9,990
19,200	5,336	4,588	19,200	5,229	9,990
19,220	5,342	4,615	19,220	5,235	9,990
19,240	5,348	4,640	19,240	5,241	9,990
19,260	5,353	4,665	19,260	5,246	9,990
19,280	5,360	4,693	19,280	5,252	9,990
19,300	5,365	4,719	19,300	5,257	9,990
19,320	5,371	4,746	19,320	5,263	9,990
19,340	5,377	4,772	19,340	5,269	9,990
19,360	5,383	4,799	19,360	5,275	9,990
19,380	5,388	4,824	19,380	5,280	9,990
19,400	5,393	4,850	19,400	5,286	9,990
19,420	5,399	4,875	19,420	5,292	9,990
19,440	5,405	4,901	19,440	5,297	9,990
19,460	5,411	4,926	19,460	5,303	9,990
19,480	5,417	4,950	19,480	5,309	9,990
19,500	5,422	4,973	19,500	5,314	9,990
19,520	5,428	4,997	19,520	5,320	9,990
19,540	5,434	5,020	19,540	5,326	9,990
19,560	5,440	5,042	19,560	5,331	9,990
19,580	5,446	5,063	19,580	5,337	9,990
19,600	5,451	5,084	19,600	5,343	9,990
19,620	5,457	5,104	19,620	5,348	9,990
19,640	5,463	5,125	19,640	5,354	9,990
19,660	5,468	5,144	19,660	5,361	9,990
19,680	5,475	5,163	19,680	5,366	9,990
19,700	5,480	5,180	19,700	5,372	9,990
19,720	5,486	5,198	19,720	5,377	9,990
19,740	5,491	5,215	19,740	5,383	9,990
19,760	5,497	5,231	19,760	5,389	9,990
19,780	5,503	5,247	19,780	5,394	9,990
19,800	5,509	5,278	19,800	5,400	9,990
19,820	5,515	5,288	19,820	5,406	9,990
19,840	5,520	5,294	19,840	5,412	9,990
19,860	5,526	5,309	19,860	5,418	9,990
19,880	5,532	5,324	19,880	5,423	9,990
19,900	5,538	5,338	19,900	5,429	9,990
19,920	5,543	5,353	19,920	5,435	9,990
19,940	5,549	5,367	19,940	5,441	9,990
19,960	5,554	5,380	19,960	5,446	9,990
19,980	5,561	5,396	19,980	5,452	9,990
20,000	5,566	5,409	20,000	5,458	9,990
20,020	5,572	5,423	20,020	5,464	9,991
20,040	5,578	5,436	20,040	5,469	9,991
20,060	5,584	5,450	20,060	5,475	9,991
20,080	5,589	5,464	20,080	5,480	9,990
20,100	5,595	5,477	20,100	5,486	9,990
20,120	5,601	5,488	20,120	5,492	9,991
20,140	5,607	5,501	20,140	5,498	9,991
20,160	5,612	5,512	20,160	5,504	9,990
20,180	5,618	5,512	20,180	5,510	9,990
20,200	5,623	5,534	20,200	5,515	9,991
20,220	5,628	5,545	20,220	5,521	9,991
20,240	5,634	5,554	20,240	5,526	9,991
20,260	5,640	5,563	20,260	5,532	9,991
20,280	5,646	5,573	20,280	5,538	9,991
20,300	5,651	5,582	20,300	5,544	9,991
20,320	5,657	5,589	20,320	5,549	9,991
20,340	5,663	5,597	20,340	5,555	9,991
20,360	5,669	5,604	20,360	5,561	9,991
20,380	5,675	5,612	20,380	5,566	9,991
20,400	5,680	5,617	20,400	5,572	9,991
20,420	5,686	5,624	20,420	5,578	9,991
20,440	5,691	5,629	20,440	5,584	9,991
20,460	5,697	5,633	20,460	5,590	9,991
20,480	5,703	5,639	20,480	5,595	9,991
20,500	5,708	5,643	20,500	5,601	9,991
20,520	5,714	5,647	20,520	5,607	9,991
20,540	5,720	5,670	20,540	5,612	9,991
20,560	5,725	5,660	20,560	5,618	9,991
20,580	5,732	5,658	20,580	5,623	9,991
20,600	5,737	5,658	20,600	5,629	9,991
20,620	5,743	5,660	20,620	5,635	9,991
20,640	5,749	5,661	20,640	5,640	9,991
20,660	5,755	5,664	20,660	5,646	9,991
20,680	5,760	5,663	20,680	5,652	9,991
20,700	5,766	5,663	20,700	5,657	9,991
20,720	5,772	5,662	20,720	5,663	9,991
20,740	5,778	5,662	20,740	5,669	9,991
20,760	5,783	5,660	20,760	5,675	9,991
20,780	5,789	5,658	20,780	5,680	9,991
20,800	5,795	5,654	20,800	5,686	9,991
20,820	5,800	5,651	20,820	5,692	9,991
20,840	5,806	5,648	20,840	5,697	9,991
20,860	5,812	5,643	20,860	5,703	9,991
20,880	5,817	5,639	20,880	5,709	9,991
20,900	5,823	5,634	20,900	5,715	9,991
20,920	5,829	5,625	20,920	5,721	9,991
20,940	5,835	5,620	20,940	5,726	9,991
20,960	5,841	5,614	20,960	5,732	9,991
20,980	5,846	5,607	20,980	5,738	9,991
21,000	5,852	5,599	21,000	5,743	9,991
21,020	5,858	5,592	21,020	5,749	9,991
21,040	5,863	5,582	21,040	5,755	9,991
21,060	5,869	5,574	21,060	5,760	9,991
21,080	5,875	5,565	21,080	5,767	9,991
21,100	5,880	5,555	21,100	5,772	9,991
21,120	5,886	5,546	21,120	5,778	9,991
21,140	5,892	5,535	21,140	5,784	9,991
21,160	5,898	5,524	21,160	5,789	9,991
21,180	5,904	5,513	21,180	5,795	9,991
21,200	5,910	5,502	21,200	5,800	9,991
21,220	5,915	5,490	21,220	5,806	9,991
21,240	5,921	5,479	21,240	5,812	9,991
21,260	5,926	5,468	21,260	5,818	9,991
21,280	5,932	5,470	21,280	5,824	9,991
21,300	5,938	5,452	21,300	5,829	9,991
21,320	5,944	5,442	21,320	5,835	9,991
21,340	5,949	5,435	21,340	5,841	9,991
21,360	5,955	5,431	21,360	5,846	9,991
21,380	5,960	5,430	21,380	5,852	9,991
21,400	5,966	5,431	21,400	5,858	9,991
21,420	5,972	5,434	21,420	5,864	9,991
21,440	5,977	5,440	21,440	5,870	9,991
21,460	5,983	5,447	21,460	5,875	9,991
21,480	5,989	5,456	21,480	5,881	9,991
21,500	5,995	5,466	21,500	5,887	9,991
21,520	6,001	5,475	21,520	5,892	9,991
21,540	6,006	5,482	21,540	5,898	9,991
21,560	6,012	5,489	21,560	5,904	9,991
21,580	6,018	5,495	21,580	5,909	9,991
21,600	6,023	5,498	21,600	5,915	9,991
21,620	6,030	5,499	21,620	5,921	9,991
21,640	6,035	5,474	21,640	5,926	9,991
21,660	6,041	5,466	21,660	5,932	9,991
21,680	6,046	5,486	21,680	5,938	9,991
21,700	6,052	5,480	21,700	5,943	9,991
21,720	6,057	5,471	21,720	5,949	9,991
21,740	6,064	5,461	21,740	5,954	9,991
21,760	6,069	5,451	21,760	5,960	9,991
21,780	6,075	5,439	21,780	5,966	9,991
21,800	6,081	5,426	21,800	5,972	9,991
21,820	6,087	5,412	21,820	5,977	9,991
21,840	6,092	5,397	21,840	5,983	9,991
21,860	6,098	5,383	21,860	5,989	9,991
21,880	6,104	5,367	21,880	5,995	9,991
21,900	6,109	5,352	21,900	6,000	9,991
21,920	6,115	5,337	21,920	6,006	9,991
21,940	6,121	5,323	21,940	6,012	9,991
21,960	6,126	5,310	21,960	6,017	9,991
21,980	6,132	5,299	21,980	6,023	9,991
22,000	6,138	5,289	22,000	6,029	9,991
22,020	6,144	5,328	22,020	6,035	9,991
22,040	6,149	5,283	22,040	6,041	9,991
22,060	6,155	5,277	22,060	6,046	9,991
22,080	6,161	5,278	22,080	6,052	9,991
22,100	6,167	5,283	22,100	6,058	9,991
22,120	6,172	5,289	22,120	6,063	9,991
22,140	6,178	5,299	22,140	6,069	9,991
22,160	6,184	5,311	22,160	6,074	9,991
22,180	6,189	5,323	22,180	6,080	9,991
22,200	6,195	5,335	22,200	6,086	9,991
22,220	6,201	5,348	22,220	6,092	9,991
22,240	6,207	5,359	22,240	6,098	9,991
22,260	6,212	5,368	22,260	6,103	9,991
22,280	6,218	5,378	22,280	6,109	9,991
22,300	6,224	5,384	22,300	6,115	9,991
22,320	6,229	5,389	22,320	6,120	9,991
22,340	6,236	5,390	22,340	6,126	9,991
22,360	6,241	5,390	22,360	6,132	9,991
22,380	6,246	5,363	22,380	6,138	9,991
22,400	6,252	5,374	22,400	6,143	9,991
22,420	6,257	5,383	22,420	6,149	9,991
22,440	6,263	5,381	22,440	6,154	9,991
22,460	6,269	5,377	22,460	6,160	9,991
22,480	6,275	5,374	22,480	6,166	9,991
22,500	6,280	5,370	22,500	6,172	9,991
22,520	6,286	5,367	22,520	6,177	9,991
22,540	6,291	5,363	22,540	6,183	9,991
22,560	6,297	5,361	22,560	6,189	9,991
22,580	6,303	5,361	22,580	6,195	9,991
22,600	6,309	5,360	22,600	6,200	9,991
22,620	6,314	5,360	22,620	6,206	9,991
22,640	6,320	5,361	22,640	6,212	9,991
22,660	6,326	5,364	22,660	6,217	9,991
22,680	6,331	5,368	22,680	6,223	9,991
22,700	6,337	5,372	22,700	6,229	9,991
22,720	6,343	5,379	22,720	6,235	9,991
22,740	6,349	5,386	22,740	6,241	9,991
22,760	6,355	5,394	22,760	6,245	9,991
22,780	6,360	5,403	22,780	6,251	9,991
22,800	6,365	5,414	22,800	6,257	9,991
22,820	6,372	5,426	22,820	6,262	9,991
22,840	6,377	5,438	22,840	6,268	9,991
22,860	6,383	5,450	22,860	6,274	9,991
22,880	6,389	5,462	22,880	6,279	9,991
22,900	6,395	5,475	22,900	6,285	9,991
22,920	6,400	5,488	22,920	6,290	9,991
22,940	6,406	5,500	22,940	6,297	9,991
22,960	6,412	5,512	22,960	6,302	9,991
22,980	6,418	5,524	22,980	6,308	9,991
23,000	6,423	5,534	23,000	6,314	9,991
23,020	6,429	5,544	23,020	6,319	9,991
23,040	6,434	5,556	23,040	6,325	9,991
23,060	6,440	5,565	23,060	6,331	9,991
23,080	6,446	5,575	23,080	6,336	9,991
23,100	6,452	5,586	23,100	6,342	9,991
23,120	6,458	5,615	23,120	6,348	9,991
23,140	6,463	5,612	23,140	6,354	9,991
23,160	6,469	5,618	23,160	6,359	9,991
23,180	6,475	5,629	23,180	6,365	9,991
23,200	6,480	5,641	23,200	6,371	9,991
23,220	6,486	5,653	23,220	6,377	9,991
23,240	6,491	5,667	23,240	6,382	9,991
23,260	6,497	5,682	23,260	6,388	9,991
23,280	6,503	5,698	23,280	6,394	9,991
23,300	6,509	5,715	23,300	6,400	9,991
23,320	6,515	5,732	23,320	6,405	9,991
23,340	6,520	5,750	23,340	6,410	9,991
23,360	6,526	5,768	23,360	6,416	9,991
23,380	6,532	5,788	23,380	6,423	9,991
23,400	6,537	5,807	23,400	6,428	9,991
23,420	6,543	5,826	23,420	6,434	9,991
23,440	6,549	5,847	23,440	6,439	9,991
23,460	6,554	5,869	23,460	6,445	9,991
23,480	6,560	5,889	23,480	6,451	9,991
23,500	6,566	5,902	23,500	6,456	9,991
23,520	6,571	5,934	23,520	6,462	9,991
23,540	6,577	5,957	23,540	6,468	9,991
23,560	6,582	5,979	23,560	6,473	9,991
23,580	6,588	6,003	23,580	6,479	9,991
23,600	6,594	6,026	23,600	6,485	9,991
23,620	6,600	6,050	23,620	6,490	9,991
23,640	6,605	6,074	23,640	6,496	9,991
23,660	6,611	6,099	23,660	6,502	9,991
23,680	6,616	6,122	23,680	6,508	9,991
23,700	6,623	6,149	23,700	6,513	9,991
23,720	6,628	6,175	23,720	6,519	9,991
23,740	6,633	6,200	23,740	6,525	9,991
23,760	6,639	6,228	23,760	6,531	9,991
23,780	6,645	6,255	23,780	6,536	9,991
23,800	6,651	6,283	23,800	6,542	9,991
23,820	6,656	6,311	23,820	6,547	9,991
23,840	6,662	6,339	23,840	6,553	9,991
23,860	6,668	6,346	23,860	6,559	9,991
23,880	6,674	6,395	23,880	6,564	9,991
23,900	6,679	6,429	23,900	6,569	9,991
23,920	6,685	6,460	23,920	6,575	9,991
23,940	6,691	6,491	23,940	6,581	9,991
23,960	6,696	6,523	23,960	6,587	9,991
23,980	6,702	6,556	23,980	6,592	9,991
24,000	6,708	6,589	24,000	6,598	9,991
24,020	6,714	6,622	24,020	6,604	9,991
24,040	6,719	6,656	24,040	6,609	9,991
24,060	6,725	6,690	24,060	6,615	9,991
24,080	6,731	6,724	24,080	6,621	9,991
24,100	6,736	6,759	24,100	6,626	9,991
24,120	6,742	6,795	24,120	6,632	9,991
24,140	6,748	6,832	24,140	6,638	9,991
24,160	6,753	6,868	24,160	6,643	9,991
24,180	6,759	6,905	24,180	6,649	9,991
24,200	6,765	6,943	24,200	6,655	9,991
24,220	6,770	6,999	24,220	6,660	9,991
24,240	6,776	7,042	24,240	6,666	9,991
24,260	6,782	7,061	24,260	6,672	9,991
24,280	6,788	7,099	24,280	6,678	9,991
24,300	6,793	7,139	24,300	6,683	9,991
24,320	6,799	7,180	24,320	6,689	9,991
24,340	6,805	7,221	24,340	6,695	9,991
24,360	6,810	7,262	24,360	6,701	9,991
24,380	6,816	7,304	24,380	6,706	9,991
24,400	6,822	7,348	24,400	6,712	9,991
24,420	6,827	7,391	24,420	6,718	9,991
24,440	6,833	7,434	24,440	6,723	9,991
24,460	6,839	7,478	24,460	6,729	9,991
24,480	6,845	7,523	24,480	6,735	9,991
24,500	6,850	7,567	24,500	6,740	9,991
24,520	6,856	7,614	24,520	6,746	9,991
24,540	6,862	7,660	24,540	6,752	9,991
24,560	6,867	7,706	24,560	6,758	9,991
24,580	6,873	7,753	24,580	6,763	9,991
24,600	6,878	7,742	24,600	6,769	9,991
24,620	6,884	7,843	24,620	6,775	9,991
24,640	6,889	7,897	24,640	6,780	9,991
24,660	6,895	7,948	24,660	6,786	9,991
24,680	6,901	7,997	24,680	6,792	9,991
24,700	6,907	8,048	24,700	6,798	9,991
24,720	6,912	8,098	24,720	6,803	9,991
24,740	6,918	8,148	24,740	6,808	9,991
24,760	6,923	8,199	24,760	6,814	9,991
24,780	6,929	8,251	24,780	6,820	9,991
24,800	6,935	8,303	24,800	6,826	9,991
24,820	6,941	8,354	24,820	6,832	9,991
24,840	6,946	8,408	24,840	6,837	9,991
24,860	6,952	8,459	24,860	6,843	9,991
24,880	6,958	8,513	24,880	6,848	9,991
24,900	6,964	8,566	24,900	6,854	9,991
24,920	6,969	8,619	24,920	6,860	9,991
24,940	6,975	8,673	24,940	6,865	9,991
24,960	6,980	8,734	24,960	6,871	9,991
24,980	6,986	8,784	24,980	6,876	9,991
25,000	6,991	8,833	25,000	6,882	9,991
25,020	6,998	8,887	25,020	6,887	9,991
25,040	7,003	8,942	25,040	6,893	9,991
25,060	7,009	8,995	25,060	6,898	9,991
25,080	7,015	9,049	25,080	6,904	9,991
25,100	7,021	9,103	25,100	6,910	9,991
25,120	7,026	9,158	25,120	6,916	9,991
25,140	7,032	9,213	25,140	6,922	9,991
25,160	7,037	9,267	25,160	6,927	9,991
25,180	7,043	9,321	25,180	6,933	9,991
25,200	7,049	9,375	25,200	6,939	9,991
25,220	7,055	9,429	25,220	6,944	9,991
25,240	7,060	9,485	25,240	6,950	9,991
25,260	7,066	9,540	25,260	6,956	9,991
25,280	7,071	9,593	25,280	6,961	9,991
25,300	7,077	9,647	25,300	6,967	9,991
25,320	7,083	9,701	25,320	6,972	9,991
25,340	7,089	9,818	25,340	6,978	9,991
25,360	7,094	9,794	25,360	6,984	9,991
25,380	7,100	9,828	25,380	6,990	9,991
25,400	7,106	9,864	25,400	6,995	9,991
25,420	7,111	9,897	25,420	7,001	9,991
25,440	7,117	9,925	25,440	7,007	9,991
25,460	7,123	9,949	25,460	7,012	9,991
25,480	7,129	9,968	25,480	7,018	9,991
25,500	7,134	9,983	25,500	7,024	9,991
25,520	7,140	9,991	25,520	7,030	9,991
25,540	7,145	9,992	25,540	7,035	9,991
25,560	7,151	9,991	25,560	7,041	9,991
25,580	7,157	9,991	25,580	7,047	9,991
25,600	7,162	9,991	25,600	7,052	9,991
25,620	7,169	9,991	25,620	7,058	9,991
25,640	7,174	9,991	25,640	7,063	9,991
25,660	7,180	9,991	25,660	7,069	9,991
25,680	7,185	9,991	25,680	7,075	9,991
25,700	7,190	9,991	25,700	7,080	9,991
25,720	7,196	9,991	25,720	7,086	9,991
25,740	7,201	9,991	25,740	7,092	9,991
25,760	7,207	9,991	25,760	7,097	9,991
25,780	7,213	9,991	25,780	7,103	9,991
25,800	7,218	9,991	25,800	7,109	9,991
25,820	7,224	9,991	25,820	7,115	9,991
25,840	7,230	9,991	25,840	7,120	9,991
25,860	7,236	9,991	25,860	7,126	9,991
25,880	7,241	9,991	25,880	7,132	9,991
25,900	7,247	9,991	25,900	7,138	9,991
25,920	7,253	9,991	25,920	7,143	9,991
25,940	7,259	9,991	25,940	7,149	9,991
25,960	7,264	9,991	25,960	7,154	9,991
25,980	7,270	9,991	25,980	7,160	9,991
26,000	7,275	9,991	26,000	7,165	9,991
26,020	7,281	9,991	26,020	7,171	9,991
26,040	7,287	9,991	26,040	7,177	9,991
26,060	7,293	9,991	26,060	7,183	9,991
26,080	7,298	9,991	26,080	7,188	9,991
26,100	7,304	9,991	26,100	7,194	9,991
26,120	7,310	9,991	26,120	7,199	9,991
26,140	7,316	9,991	26,140	7,205	9,991
26,160	7,321	9,991	26,160	7,210	9,991
26,180	7,326	9,991	26,180	7,216	9,991
26,200	7,332	9,991	26,200	7,222	9,991
26,220	7,338	9,991	26,220	7,227	9,991
26,240	7,344	9,991	26,240	7,233	9,991
26,260	7,350	9,991	26,260	7,239	9,991
26,280	7,355	9,991	26,280	7,245	9,991
26,300	7,360	9,991	26,300	7,250	9,991
26,320	7,367	9,991	26,320	7,256	9,991
26,340	7,372	9,991	26,340	7,261	9,991
26,360	7,377	9,991	26,360	7,267	9,991
26,380	7,383	9,991	26,380	7,273	9,991
26,400	7,389	9,991	26,400	7,279	9,991
26,420	7,395	9,991	26,420	7,284	9,991
26,440	7,400	9,991	26,440	7,290	9,991
26,460	7,406	9,991	26,460	7,296	9,991
26,480	7,412	9,991	26,480	7,301	9,991
26,500	7,417	9,991	26,500	7,307	9,991
26,520	7,423	9,991	26,520	7,313	9,991
26,540	7,429	9,991	26,540	7,318	9,991
26,560	7,435	9,991	26,560	7,324	9,991
26,580	7,440	9,991	26,580	7,330	9,991
26,600	7,446	9,991	26,600	7,336	9,991
26,620	7,451	9,991	26,620	7,341	9,991
26,640	7,457	9,991	26,640	7,346	9,991
26,660	7,463	9,991	26,660	7,352	9,991
26,680	7,469	9,991	26,680	7,358	9,991
26,700	7,474	9,991	26,700	7,363	9,991
26,720	7,480	9,991	26,720	7,369	9,991
26,740	7,485	9,991	26,740	7,375	9,991
26,760	7,491	9,991	26,760	7,381	9,991
26,780	7,497	9,991	26,780	7,386	9,991
26,800	7,502	9,991	26,800	7,392	9,991
26,820	7,508	9,991	26,820	7,398	9,991
26,840	7,514	9,991	26,840	7,403	9,991
26,860	7,519	9,991	26,860	7,409	9,991
26,880	7,525	9,991	26,880	7,414	9,991
26,900	7,531	9,991	26,900	7,420	9,991
26,920	7,536	9,991	26,920	7,426	9,991
26,940	7,542	9,991	26,940	7,431	9,991
26,960	7,548	9,991	26,960	7,437	9,991
26,980	7,553	9,991	26,980	7,443	9,991
27,000	7,559	9,991	27,000	7,449	9,991
27,020	7,564	9,991	27,020	7,454	9,991
27,040	7,570	9,991	27,040	7,460	9,991
27,060	7,576	9,991	27,060	7,466	9,991
27,080	7,582	9,991	27,080	7,471	9,991
27,100	7,588	9,991	27,100	7,477	9,991
27,120	7,593	9,991	27,120	7,483	9,991
27,140	7,599	9,991	27,140	7,488	9,991
27,160	7,604	9,991	27,160	7,494	9,991
27,180	7,610	9,991	27,180	7,500	9,991
27,200	7,616	9,991	27,200	7,505	9,991
			27,220	7,511	9,991
			27,240	7,516	9,991
			27,260	7,522	9,991
			27,280	7,528	9,991
			27,300	7,533	9,991
			27,320	7,539	9,991
			27,340	7,545	9,991
			27,360	7,550	9,991
			27,380	7,556	9,991
			27,400	7,562	9,991
			27,420	7,567	9,991
			27,440	7,573	9,991
			27,460	7,578	9,991
			27,480	7,584	9,991
			27,500	7,590	9,991
			27,520	7,596	9,991
			27,540	7,601	9,991
			27,560	7,607	9,991
			27,580	7,613	9,991
			27,600	7,618	9,991
			27,620	7,624	9,991
			27,640	7,630	9,991
			27,660	7,635	9,991
			27,680	7,641	9,991
			27,700	7,647	9,991
			27,720	7,652	9,991
			27,740	7,658	9,991
			27,760	7,663	9,991
			27,780	7,669	9,991
			27,800	7,675	9,991
			27,820	7,681	9,991
			27,840	7,686	9,991
			27,860	7,692	9,991
			27,880	7,697	9,991
			27,900	7,703	9,991
			27,920	7,709	9,991
			27,940	7,715	9,991
			27,960	7,720	9,991
			27,980	7,726	9,991
			28,000	7,732	9,991
			28,020	7,737	9,991
			28,040	7,743	9,991
			28,060	7,748	9,991
			28,080	7,754	9,991
			28,100	7,759	9,991
			28,120	7,765	9,991
			28,140	7,770	9,991
			28,160	7,777	9,991
			28,180	7,782	9,991
			28,200	7,788	9,991
			28,220	7,793	9,991
			28,240	7,799	9,991
			28,260	7,805	9,991
			28,280	7,811	9,991
			28,300	7,816	9,991
			28,320	7,822	9,991
			28,340	7,827	9,991
			28,360	7,832	9,991
			28,380	7,838	9,991
			28,400	7,844	9,991
			28,420	7,849	9,991
			28,440	7,855	9,991
			28,460	7,861	9,991
			28,480	7,863	9,991
			28,500	7,864	9,991
			28,520	7,863	9,991
			28,540	7,864	9,991
			28,560	7,864	9,991
			28,580	7,863	9,991
			28,600	7,864	9,991
			28,620	7,864	9,991
			28,640	7,864	9,991
			28,660	7,864	9,991
			28,680	7,864	9,991
			28,700	7,864	9,991
			28,720	7,862	9,991
			28,740	5,207	9,991
			28,760	0,003	9,990
			28,780	0,003	9,990
			28,800	0,003	7,363
			28,820	0,003	0,671
			28,840	0,003	0,005
			28,860	0,003	-0,028
			28,880	0,003	-0,032
			28,900	0,003	-0,036
			28,920	0,003	-0,035
			28,940	0,003	-0,035
			28,960	0,004	-0,035
			28,980	0,003	-0,034
			29,000	0,003	-0,034
			29,020	0,003	-0,033
			29,040	0,003	-0,031
			29,060	0,003	-0,032
			29,080	0,003	-0,030
			29,100	0,003	-0,030
			29,120	0,003	-0,030
			29,140	0,003	-0,028
			29,160	0,003	-0,029
			29,180	0,003	-0,028
			29,200	0,003	-0,026
			29,220	0,003	-0,027
			29,240	0,003	-0,026
			29,260	0,003	-0,026
			29,280	0,003	-0,025
			29,300	0,003	-0,023
			29,320	0,003	-0,024
			29,340	0,003	-0,022
			29,360	0,003	-0,022
			29,380	0,003	-0,022
			29,400	0,003	-0,021
			29,420	0,003	-0,021
			29,440	0,003	-0,020
			29,460	0,003	-0,019
			29,480	0,003	-0,019
			29,500	0,003	-0,018
			29,520	0,003	-0,018
			29,540	0,003	-0,018
			29,560	0,003	-0,017
			29,580	0,003	-0,017
			29,600	0,003	-0,016
			29,620	0,003	-0,015
			29,640	0,003	-0,016
			29,660	0,003	-0,015
			29,680	0,003	-0,014
			29,700	0,003	-0,014
			29,720	0,003	-0,013
			29,740	0,003	-0,014
			29,760	0,003	-0,013
			29,780	0,003	-0,012
			29,800	0,003	-0,012
			29,820	0,003	-0,012
			29,840	0,003	-0,011
			29,860	0,004	-0,011
			29,880	0,003	-0,011
			29,900	0,003	-0,011
			29,920	0,003	-0,011
			29,940	0,003	-0,010
			29,960	0,003	-0,010
			29,980	0,003	-0,009
			30,000	0,003	-0,009
			30,020	0,003	-0,009
			30,040	0,003	-0,009
			30,060	0,003	-0,009
			30,080	0,003	-0,008
			30,100	0,003	-0,008
			30,120	0,003	-0,007
			30,140	0,003	-0,006
			30,160	0,003	-0,007
			30,180	0,003	-0,007
			30,200	0,003	-0,006
			30,220	0,003	-0,006
			30,240	0,003	-0,006
			30,260	0,003	-0,005
			30,280	0,004	-0,005
			30,300	0,003	-0,005
			30,320	0,003	-0,005
			30,340	0,003	-0,005
			30,360	0,003	-0,004
			30,380	0,003	-0,005
			30,400	0,003	-0,004
			30,420	0,003	-0,004
			30,440	0,003	-0,004
			30,460	0,003	-0,003
			30,480	0,003	-0,003
			30,500	0,003	-0,003
			30,520	0,003	-0,003
			30,540	0,003	-0,004
			30,560	0,003	-0,002
			30,580	0,003	-0,002
			30,600	0,003	-0,003
			30,620	0,003	-0,002
			30,640	0,003	-0,002
			30,660	0,003	-0,002
			30,680	0,003	-0,001
			30,700	0,003	-0,002
			30,720	0,003	-0,002
			30,740	0,003	-0,002
			30,760	0,003	-0,002
			30,780	0,003	-0,002
			30,800	0,003	-0,002
			30,820	0,003	-0,001
			30,840	0,003	-9,729E-4
			30,860	0,003	-7,898E-4
			30,880	0,003	-3,528E-4
			30,900	0,003	-0,001
			30,920	0,003	-4,236E-4
			30,940	0,003	-1,831E-4
			30,960	0,003	-1,917E-4
			30,980	0,003	9,277E-5
			31,000	0,003	-8,423E-5
			31,020	0,003	-2,747E-4
			31,040	0,003	7,898E-4
			31,060	0,003	2,002E-4
			31,080	0,003	2,930E-4
			31,100	0,003	7,227E-4
			31,120	0,003	4,651E-4
			31,140	0,003	5,786E-4
			31,160	0,003	0,001
			31,180	0,003	8,838E-4
			31,200	0,003	0,001
			31,220	0,003	0,001
			31,240	0,003	0,001
			31,260	0,003	0,002
			31,280	0,003	0,001
			31,300	0,003	0,002
			31,320	0,003	0,002
			31,340	0,003	0,002
			31,360	0,003	0,002
			31,380	0,003	0,002
			31,400	0,003	0,003
			31,420	0,003	0,003
			31,440	0,003	0,003
			31,460	0,003	0,003
			31,480	0,003	0,003
			31,500	0,003	0,003
			31,520	0,003	0,003
			31,540	0,003	0,003
			31,560	0,003	0,004
			31,580	0,003	0,004
			31,600	0,003	0,003
			31,620	0,003	0,004
			31,640	0,003	0,004
			31,660	0,003	0,004
			31,680	0,003	0,005
			31,700	0,003	0,004
			31,720	0,003	0,004
			31,740	0,003	0,004
			31,760	0,003	0,004
			31,780	0,003	0,005
			31,800	0,003	0,004
			31,820	0,003	0,005
			31,840	0,003	0,005
			31,860	0,003	0,005
			31,880	0,003	0,005
			31,900	0,003	0,005
			31,920	0,003	0,005
			31,940	0,003	0,006
			31,960	0,003	0,005
			31,980	0,003	0,005
			32,000	0,003	0,005
			32,020	0,003	0,006
			32,040	0,003	0,006
			32,060	0,003	0,006
			32,080	0,003	0,006
			32,100	0,003	0,006
			32,120	0,003	0,006
			32,140	0,003	0,006
			32,160	0,003	0,007
			32,180	0,003	0,006
			32,200	0,003	0,006
			32,220	0,003	0,007
			32,240	0,003	0,007
			32,260	0,003	0,007
			32,280	0,003	0,007
			32,300	0,003	0,007
			32,320	0,003	0,007
			32,340	0,003	0,007
			32,360	0,003	0,007
			32,380	0,003	0,008
			32,400	0,003	0,007
			32,420	0,003	0,008
			32,440	0,003	0,007
			32,460	0,003	0,008
			32,480	0,003	0,008
			32,500	0,003	0,008
			32,520	0,003	0,008
			32,540	0,003	0,008
			32,560	0,003	0,008
			32,580	0,003	0,009
			32,600	0,003	0,008
			32,620	0,003	0,008
			32,640	0,003	0,008
			32,660	0,003	0,009
			32,680	0,002	0,008
			32,700	0,003	0,009
			32,720	0,003	0,008
			32,740	0,004	0,009
			32,760	0,003	0,009
			32,780	0,003	0,009
			32,800	0,003	0,009
			32,820	0,003	0,009
			32,840	0,003	0,009
			32,860	0,003	0,009
			32,880	0,003	0,009
			32,900	0,003	0,009
			32,920	0,003	0,009
			32,940	0,003	0,010
			32,960	0,003	0,009
			32,980	0,002	0,009
			33,000	0,003	0,010
