Zeit (s) Messreihe #6	Spannung, Ch A (V) Messreihe #6	Spannung, Ch B (V) Messreihe #6
0,000	0,003	0,024
0,020	0,003	0,024
0,040	0,003	0,024
0,060	0,003	0,024
0,080	0,004	0,025
0,100	0,003	0,025
0,120	0,003	0,024
0,140	0,003	0,025
0,160	0,003	0,024
0,180	0,003	0,024
0,200	0,003	0,024
0,220	0,003	0,024
0,240	0,003	0,024
0,260	0,003	0,024
0,280	0,003	0,024
0,300	0,003	0,024
0,320	0,003	0,024
0,340	0,003	0,024
0,360	0,003	0,024
0,380	0,003	0,025
0,400	0,003	0,023
0,420	0,003	0,024
0,440	0,004	0,024
0,460	0,003	0,024
0,480	0,003	0,024
0,500	0,003	0,024
0,520	0,003	0,024
0,540	0,003	0,024
0,560	0,004	0,025
0,580	0,003	0,024
0,600	0,003	0,024
0,620	0,003	0,024
0,640	0,003	0,024
0,660	0,003	0,024
0,680	0,003	0,024
0,700	0,003	0,024
0,720	0,003	0,024
0,740	0,003	0,025
0,760	0,003	0,024
0,780	0,003	0,024
0,800	0,003	0,024
0,820	0,003	0,024
0,840	0,003	0,024
0,860	0,003	0,024
0,880	0,003	0,024
0,900	2,327	3,573
0,920	6,287	8,404
0,940	0,007	-0,113
0,960	0,013	-0,077
0,980	0,020	-0,039
1,000	0,026	-0,015
1,020	0,032	0,024
1,040	0,037	0,019
1,060	0,044	0,018
1,080	0,050	0,023
1,100	0,056	0,026
1,120	0,062	0,029
1,140	0,068	0,031
1,160	0,073	0,031
1,180	0,080	0,034
1,200	0,086	0,034
1,220	0,092	0,035
1,240	0,098	0,037
1,260	0,104	0,037
1,280	0,110	0,038
1,300	0,116	0,039
1,320	0,122	0,038
1,340	0,128	0,040
1,360	0,134	0,040
1,380	0,140	0,044
1,400	0,146	0,042
1,420	0,152	0,041
1,440	0,158	0,041
1,460	0,164	0,042
1,480	0,170	0,041
1,500	0,176	0,043
1,520	0,182	0,042
1,540	0,188	0,043
1,560	0,194	0,043
1,580	0,200	0,043
1,600	0,206	0,044
1,620	0,211	0,043
1,640	0,218	0,043
1,660	0,224	0,044
1,680	0,230	0,044
1,700	0,235	0,044
1,720	0,242	0,045
1,740	0,248	0,025
1,760	0,254	0,034
1,780	0,260	0,044
1,800	0,265	0,044
1,820	0,271	0,045
1,840	0,277	0,045
1,860	0,283	0,045
1,880	0,289	0,046
1,900	0,295	0,046
1,920	0,301	0,047
1,940	0,307	0,047
1,960	0,312	0,046
1,980	0,319	0,047
2,000	0,324	0,047
2,020	0,330	0,047
2,040	0,336	0,047
2,060	0,342	0,047
2,080	0,348	0,048
2,100	0,354	0,048
2,120	0,360	0,056
2,140	0,366	0,050
2,160	0,372	0,049
2,180	0,378	0,049
2,200	0,383	0,049
2,220	0,390	0,049
2,240	0,396	0,050
2,260	0,402	0,050
2,280	0,408	0,050
2,300	0,413	0,049
2,320	0,419	0,050
2,340	0,425	0,050
2,360	0,431	0,050
2,380	0,437	0,050
2,400	0,444	0,051
2,420	0,449	0,051
2,440	0,455	0,051
2,460	0,461	0,051
2,480	0,467	0,051
2,500	0,473	0,052
2,520	0,479	0,051
2,540	0,485	0,051
2,560	0,491	0,052
2,580	0,496	0,051
2,600	0,503	0,052
2,620	0,509	0,052
2,640	0,514	0,052
2,660	0,520	0,053
2,680	0,526	0,052
2,700	0,532	0,053
2,720	0,538	0,053
2,740	0,545	0,053
2,760	0,550	0,053
2,780	0,555	0,052
2,800	0,562	0,052
2,820	0,568	0,053
2,840	0,574	0,051
2,860	0,580	0,039
2,880	0,586	0,053
2,900	0,592	0,053
2,920	0,597	0,054
2,940	0,604	0,054
2,960	0,609	0,054
2,980	0,615	0,054
3,000	0,621	0,054
3,020	0,626	0,054
3,040	0,632	0,054
3,060	0,638	0,054
3,080	0,644	0,055
3,100	0,650	0,055
3,120	0,656	0,055
3,140	0,662	0,055
3,160	0,668	0,055
3,180	0,674	0,055
3,200	0,679	0,056
3,220	0,685	0,066
3,240	0,691	0,060
3,260	0,697	0,056
3,280	0,703	0,056
3,300	0,709	0,057
3,320	0,714	0,056
3,340	0,721	0,056
3,360	0,726	0,056
3,380	0,733	0,057
3,400	0,739	0,057
3,420	0,745	0,057
3,440	0,750	0,057
3,460	0,756	0,057
3,480	0,762	0,057
3,500	0,768	0,057
3,520	0,774	0,057
3,540	0,780	0,058
3,560	0,786	0,058
3,580	0,792	0,072
3,600	0,798	0,077
3,620	0,804	0,061
3,640	0,809	0,058
3,660	0,815	0,059
3,680	0,822	0,059
3,700	0,827	0,059
3,720	0,833	0,059
3,740	0,839	0,059
3,760	0,845	0,059
3,780	0,851	0,059
3,800	0,857	0,059
3,820	0,863	0,060
3,840	0,869	0,060
3,860	0,875	0,060
3,880	0,881	0,061
3,900	0,886	0,060
3,920	0,892	0,061
3,940	0,899	0,062
3,960	0,904	0,036
3,980	0,910	0,055
4,000	0,916	0,060
4,020	0,922	0,061
4,040	0,928	0,062
4,060	0,934	0,062
4,080	0,939	0,062
4,100	0,945	0,062
4,120	0,951	0,062
4,140	0,957	0,063
4,160	0,962	0,063
4,180	0,969	0,063
4,200	0,974	0,063
4,220	0,980	0,064
4,240	0,986	0,064
4,260	0,992	0,064
4,280	0,998	0,064
4,300	1,004	0,065
4,320	1,010	0,076
4,340	1,016	0,074
4,360	1,022	0,066
4,380	1,027	0,065
4,400	1,033	0,066
4,420	1,040	0,066
4,440	1,045	0,066
4,460	1,051	0,067
4,480	1,057	0,067
4,500	1,063	0,067
4,520	1,069	0,067
4,540	1,074	0,067
4,560	1,081	0,067
4,580	1,086	0,068
4,600	1,093	0,068
4,620	1,099	0,069
4,640	1,104	0,069
4,660	1,110	0,069
4,680	1,117	0,070
4,700	1,122	0,142
4,720	1,128	0,082
4,740	1,134	0,073
4,760	1,140	0,072
4,780	1,146	0,072
4,800	1,152	0,071
4,820	1,157	0,072
4,840	1,164	0,072
4,860	1,170	0,072
4,880	1,175	0,073
4,900	1,181	0,073
4,920	1,187	0,073
4,940	1,193	0,074
4,960	1,199	0,073
4,980	1,205	0,074
5,000	1,211	0,074
5,020	1,217	0,075
5,040	1,223	0,075
5,060	1,229	0,083
5,080	1,234	0,079
5,100	1,240	0,077
5,120	1,246	0,077
5,140	1,251	0,077
5,160	1,257	0,077
5,180	1,263	0,077
5,200	1,269	0,078
5,220	1,275	0,078
5,240	1,281	0,079
5,260	1,286	0,079
5,280	1,292	0,079
5,300	1,299	0,080
5,320	1,304	0,080
5,340	1,310	0,080
5,360	1,316	0,081
5,380	1,322	0,081
5,400	1,328	0,082
5,420	1,333	0,078
5,440	1,340	0,055
5,460	1,346	0,080
5,480	1,351	0,082
5,500	1,357	0,083
5,520	1,363	0,084
5,540	1,369	0,084
5,560	1,375	0,085
5,580	1,381	0,085
5,600	1,386	0,085
5,620	1,392	0,086
5,640	1,399	0,087
5,660	1,404	0,087
5,680	1,411	0,088
5,700	1,416	0,088
5,720	1,422	0,089
5,740	1,428	0,090
5,760	1,434	0,090
5,780	1,439	0,090
5,800	1,446	0,098
5,820	1,451	0,094
5,840	1,457	0,093
5,860	1,463	0,092
5,880	1,469	0,094
5,900	1,476	0,094
5,920	1,481	0,095
5,940	1,487	0,095
5,960	1,492	0,095
5,980	1,498	0,096
6,000	1,504	0,097
6,020	1,510	0,097
6,040	1,516	0,098
6,060	1,522	0,099
6,080	1,528	0,100
6,100	1,534	0,100
6,120	1,540	0,101
6,140	1,546	0,101
6,160	1,551	0,096
6,180	1,557	0,096
6,200	1,563	0,103
6,220	1,569	0,104
6,240	1,574	0,105
6,260	1,580	0,106
6,280	1,586	0,106
6,300	1,592	0,107
6,320	1,598	0,108
6,340	1,604	0,108
6,360	1,610	0,109
6,380	1,616	0,110
6,400	1,622	0,111
6,420	1,627	0,112
6,440	1,633	0,113
6,460	1,639	0,114
6,480	1,645	0,114
6,500	1,651	0,115
6,520	1,657	0,116
6,540	1,663	0,117
6,560	1,668	0,118
6,580	1,674	0,119
6,600	1,680	0,120
6,620	1,687	0,121
6,640	1,692	0,122
6,660	1,698	0,123
6,680	1,704	0,124
6,700	1,710	0,124
6,720	1,715	0,125
6,740	1,721	0,126
6,760	1,727	0,127
6,780	1,733	0,128
6,800	1,739	0,129
6,820	1,745	0,130
6,840	1,751	0,131
6,860	1,757	0,132
6,880	1,763	0,134
6,900	1,768	0,152
6,920	1,775	0,146
6,940	1,780	0,138
6,960	1,786	0,138
6,980	1,792	0,138
7,000	1,797	0,139
7,020	1,804	0,140
7,040	1,810	0,140
7,060	1,816	0,141
7,080	1,822	0,142
7,100	1,827	0,142
7,120	1,833	0,142
7,140	1,839	0,143
7,160	1,845	0,143
7,180	1,851	0,143
7,200	1,857	0,143
7,220	1,862	0,143
7,240	1,868	0,143
7,260	1,874	0,143
7,280	1,880	0,092
7,300	1,885	0,136
7,320	1,891	0,141
7,340	1,896	0,142
7,360	1,902	0,142
7,380	1,909	0,143
7,400	1,914	0,143
7,420	1,920	0,143
7,440	1,926	0,143
7,460	1,932	0,143
7,480	1,938	0,142
7,500	1,944	0,142
7,520	1,949	0,142
7,540	1,955	0,141
7,560	1,961	0,141
7,580	1,967	0,141
7,600	1,973	0,140
7,620	1,979	0,140
7,640	1,984	0,174
7,660	1,990	0,152
7,680	1,996	0,140
7,700	2,003	0,139
7,720	2,008	0,138
7,740	2,014	0,137
7,760	2,020	0,137
7,780	2,026	0,135
7,800	2,032	0,135
7,820	2,037	0,134
7,840	2,043	0,133
7,860	2,049	0,132
7,880	2,055	0,132
7,900	2,061	0,131
7,920	2,067	0,130
7,940	2,073	0,130
7,960	2,079	0,129
7,980	2,084	0,128
8,000	2,091	0,118
8,020	2,097	0,102
8,040	2,102	0,123
8,060	2,108	0,125
8,080	2,114	0,124
8,100	2,120	0,123
8,120	2,126	0,122
8,140	2,131	0,122
8,160	2,137	0,121
8,180	2,143	0,120
8,200	2,149	0,119
8,220	2,155	0,119
8,240	2,161	0,118
8,260	2,167	0,117
8,280	2,173	0,116
8,300	2,179	0,116
8,320	2,184	0,114
8,340	2,190	0,113
8,360	2,195	0,113
8,380	2,201	0,112
8,400	2,207	0,111
8,420	2,213	0,110
8,440	2,218	0,109
8,460	2,224	0,108
8,480	2,230	0,108
8,500	2,237	0,107
8,520	2,242	0,106
8,540	2,248	0,105
8,560	2,254	0,104
8,580	2,260	0,103
8,600	2,266	0,102
8,620	2,272	0,102
8,640	2,277	0,100
8,660	2,283	0,099
8,680	2,289	0,099
8,700	2,295	0,097
8,720	2,300	0,096
8,740	2,306	0,083
8,760	2,312	0,083
8,780	2,318	0,092
8,800	2,324	0,092
8,820	2,330	0,091
8,840	2,336	0,090
8,860	2,342	0,089
8,880	2,348	0,088
8,900	2,354	0,087
8,920	2,359	0,086
8,940	2,365	0,085
8,960	2,371	0,084
8,980	2,377	0,083
9,000	2,382	0,081
9,020	2,389	0,080
9,040	2,394	0,078
9,060	2,400	0,078
9,080	2,406	0,076
9,100	2,412	0,075
9,120	2,418	0,081
9,140	2,424	0,074
9,160	2,429	0,072
9,180	2,435	0,071
9,200	2,441	0,069
9,220	2,447	0,068
9,240	2,453	0,068
9,260	2,458	0,066
9,280	2,465	0,066
9,300	2,470	0,064
9,320	2,476	0,063
9,340	2,482	0,062
9,360	2,488	0,061
9,380	2,494	0,061
9,400	2,500	0,059
9,420	2,505	0,058
9,440	2,511	0,058
9,460	2,517	0,056
9,480	2,523	0,049
9,500	2,529	0,051
9,520	2,534	0,054
9,540	2,541	0,054
9,560	2,547	0,053
9,580	2,552	0,053
9,600	2,558	0,053
9,620	2,564	0,054
9,640	2,570	0,055
9,660	2,576	0,057
9,680	2,581	0,060
9,700	2,587	0,064
9,720	2,593	0,068
9,740	2,599	0,074
9,760	2,605	0,080
9,780	2,611	0,086
9,800	2,617	0,093
9,820	2,622	0,100
9,840	2,628	0,107
9,860	2,634	0,141
9,880	2,640	0,123
9,900	2,645	0,126
9,920	2,652	0,131
9,940	2,658	0,137
9,960	2,663	0,141
9,980	2,669	0,146
10,000	2,675	0,151
10,020	2,681	0,155
10,040	2,687	0,160
10,060	2,693	0,164
10,080	2,699	0,168
10,100	2,704	0,172
10,120	2,710	0,176
10,140	2,716	0,180
10,160	2,722	0,184
10,180	2,728	0,189
10,200	2,734	0,193
10,220	2,740	0,199
10,240	2,745	0,202
10,260	2,751	0,207
10,280	2,757	0,212
10,300	2,762	0,217
10,320	2,769	0,224
10,340	2,775	0,230
10,360	2,780	0,237
10,380	2,786	0,245
10,400	2,792	0,253
10,420	2,798	0,262
10,440	2,804	0,271
10,460	2,809	0,279
10,480	2,815	0,288
10,500	2,820	0,297
10,520	2,826	0,306
10,540	2,832	0,315
10,560	2,838	0,324
10,580	2,843	0,321
10,600	2,850	0,301
10,620	2,856	0,344
10,640	2,861	0,355
10,660	2,867	0,363
10,680	2,873	0,372
10,700	2,879	0,380
10,720	2,884	0,387
10,740	2,891	0,396
10,760	2,896	0,403
10,780	2,902	0,411
10,800	2,908	0,420
10,820	2,914	0,427
10,840	2,919	0,435
10,860	2,925	0,444
10,880	2,931	0,452
10,900	2,937	0,461
10,920	2,943	0,469
10,940	2,949	0,478
10,960	2,955	0,496
10,980	2,961	0,498
11,000	2,967	0,505
11,020	2,972	0,512
11,040	2,978	0,521
11,060	2,984	0,530
11,080	2,990	0,539
11,100	2,995	0,546
11,120	3,002	0,556
11,140	3,007	0,565
11,160	3,013	0,573
11,180	3,019	0,582
11,200	3,024	0,591
11,220	3,030	0,599
11,240	3,037	0,609
11,260	3,042	0,618
11,280	3,048	0,627
11,300	3,054	0,636
11,320	3,060	0,650
11,340	3,066	0,661
11,360	3,071	0,663
11,380	3,077	0,673
11,400	3,083	0,681
11,420	3,089	0,691
11,440	3,095	0,700
11,460	3,101	0,709
11,480	3,106	0,719
11,500	3,112	0,728
11,520	3,118	0,738
11,540	3,123	0,747
11,560	3,129	0,757
11,580	3,134	0,766
11,600	3,141	0,776
11,620	3,146	0,786
11,640	3,152	0,796
11,660	3,158	0,806
11,680	3,164	0,816
11,700	3,169	0,861
11,720	3,175	0,842
11,740	3,181	0,848
11,760	3,187	0,858
11,780	3,192	0,867
11,800	3,199	0,878
11,820	3,204	0,888
11,840	3,210	0,899
11,860	3,216	0,910
11,880	3,222	0,920
11,900	3,228	0,931
11,920	3,234	0,942
11,940	3,239	0,953
11,960	3,245	0,964
11,980	3,251	0,975
12,000	3,257	0,985
12,020	3,263	0,997
12,040	3,269	1,008
12,060	3,274	0,994
12,080	3,280	1,014
12,100	3,286	1,039
12,120	3,292	1,051
12,140	3,297	1,063
12,160	3,303	1,074
12,180	3,309	1,085
12,200	3,315	1,097
12,220	3,321	1,109
12,240	3,327	1,120
12,260	3,333	1,132
12,280	3,338	1,143
12,300	3,344	1,154
12,320	3,350	1,167
12,340	3,356	1,178
12,360	3,362	1,190
12,380	3,368	1,202
12,400	3,373	1,214
12,420	3,379	1,225
12,440	3,385	1,226
12,460	3,391	1,248
12,480	3,397	1,261
12,500	3,402	1,273
12,520	3,408	1,284
12,540	3,414	1,296
12,560	3,420	1,309
12,580	3,426	1,321
12,600	3,431	1,332
12,620	3,437	1,345
12,640	3,442	1,357
12,660	3,449	1,369
12,680	3,454	1,381
12,700	3,460	1,392
12,720	3,466	1,404
12,740	3,471	1,416
12,760	3,478	1,427
12,780	3,483	1,438
12,800	3,489	1,487
12,820	3,495	1,475
12,840	3,500	1,472
12,860	3,506	1,481
12,880	3,512	1,491
12,900	3,518	1,500
12,920	3,524	1,509
12,940	3,530	1,518
12,960	3,536	1,525
12,980	3,542	1,533
13,000	3,547	1,540
13,020	3,553	1,546
13,040	3,558	1,551
13,060	3,565	1,556
13,080	3,570	1,560
13,100	3,576	1,565
13,120	3,582	1,568
13,140	3,588	1,572
13,160	3,593	1,562
13,180	3,600	1,527
13,200	3,605	1,575
13,220	3,611	1,581
13,240	3,617	1,585
13,260	3,623	1,587
13,280	3,628	1,590
13,300	3,634	1,593
13,320	3,640	1,597
13,340	3,646	1,599
13,360	3,652	1,602
13,380	3,657	1,604
13,400	3,664	1,607
13,420	3,670	1,609
13,440	3,675	1,610
13,460	3,681	1,612
13,480	3,687	1,613
13,500	3,693	1,613
13,520	3,698	1,614
13,540	3,704	1,604
13,560	3,710	1,611
13,580	3,716	1,613
13,600	3,721	1,611
13,620	3,727	1,611
13,640	3,733	1,609
13,660	3,738	1,606
13,680	3,744	1,604
13,700	3,750	1,602
13,720	3,756	1,599
13,740	3,762	1,596
13,760	3,767	1,592
13,780	3,773	1,589
13,800	3,779	1,585
13,820	3,785	1,581
13,840	3,790	1,577
13,860	3,796	1,572
13,880	3,802	1,569
13,900	3,808	1,581
13,920	3,814	1,592
13,940	3,819	1,559
13,960	3,825	1,552
13,980	3,831	1,547
14,000	3,837	1,543
14,020	3,843	1,538
14,040	3,848	1,533
14,060	3,854	1,528
14,080	3,860	1,522
14,100	3,866	1,517
14,120	3,872	1,512
14,140	3,878	1,507
14,160	3,883	1,500
14,180	3,889	1,494
14,200	3,895	1,489
14,220	3,901	1,483
14,240	3,906	1,476
14,260	3,913	1,470
14,280	3,918	1,430
14,300	3,924	1,451
14,320	3,930	1,449
14,340	3,935	1,441
14,360	3,941	1,435
14,380	3,947	1,428
14,400	3,953	1,421
14,420	3,959	1,413
14,440	3,964	1,404
14,460	3,971	1,397
14,480	3,976	1,389
14,500	3,982	1,381
14,520	3,988	1,372
14,540	3,994	1,364
14,560	3,999	1,355
14,580	4,005	1,346
14,600	4,010	1,336
14,620	4,017	1,327
14,640	4,023	1,325
14,660	4,028	1,314
14,680	4,034	1,298
14,700	4,040	1,287
14,720	4,046	1,277
14,740	4,052	1,265
14,760	4,057	1,254
14,780	4,063	1,243
14,800	4,069	1,231
14,820	4,074	1,219
14,840	4,080	1,207
14,860	4,086	1,195
14,880	4,092	1,182
14,900	4,097	1,169
14,920	4,103	1,156
14,940	4,109	1,143
14,960	4,115	1,130
14,980	4,120	1,116
15,000	4,126	1,103
15,020	4,132	1,187
15,040	4,138	1,091
15,060	4,143	1,064
15,080	4,149	1,049
15,100	4,155	1,035
15,120	4,161	1,020
15,140	4,166	1,005
15,160	4,173	0,991
15,180	4,178	0,976
15,200	4,184	0,962
15,220	4,190	0,947
15,240	4,196	0,931
15,260	4,201	0,917
15,280	4,207	0,902
15,300	4,213	0,887
15,320	4,219	0,872
15,340	4,225	0,858
15,360	4,231	0,843
15,380	4,236	0,771
15,400	4,242	0,790
15,420	4,248	0,801
15,440	4,254	0,794
15,460	4,259	0,786
15,480	4,265	0,780
15,500	4,271	0,778
15,520	4,277	0,778
15,540	4,283	0,781
15,560	4,288	0,787
15,580	4,294	0,795
15,600	4,300	0,806
15,620	4,307	0,819
15,640	4,312	0,830
15,660	4,317	0,842
15,680	4,323	0,854
15,700	4,329	0,865
15,720	4,335	0,873
15,740	4,341	0,880
15,760	4,346	0,885
15,780	4,352	0,889
15,800	4,358	0,891
15,820	4,364	0,891
15,840	4,370	0,890
15,860	4,375	0,889
15,880	4,380	0,886
15,900	4,386	0,884
15,920	4,392	0,880
15,940	4,397	0,876
15,960	4,403	0,871
15,980	4,409	0,866
16,000	4,415	0,862
16,020	4,420	0,857
16,040	4,426	0,853
16,060	4,432	0,849
16,080	4,438	0,846
16,100	4,443	0,844
16,120	4,450	0,855
16,140	4,455	0,848
16,160	4,461	0,849
16,180	4,467	0,855
16,200	4,472	0,863
16,220	4,478	0,874
16,240	4,484	0,887
16,260	4,490	0,902
16,280	4,496	0,918
16,300	4,502	0,935
16,320	4,507	0,952
16,340	4,513	0,969
16,360	4,519	0,986
16,380	4,525	1,002
16,400	4,531	1,018
16,420	4,536	1,031
16,440	4,542	1,044
16,460	4,548	1,056
16,480	4,554	1,067
16,500	4,560	1,078
16,520	4,565	1,087
16,540	4,571	1,096
16,560	4,577	1,106
16,580	4,582	1,115
16,600	4,588	1,125
16,620	4,594	1,134
16,640	4,600	1,145
16,660	4,606	1,156
16,680	4,611	1,167
16,700	4,617	1,179
16,720	4,623	1,191
16,740	4,629	1,204
16,760	4,634	1,218
16,780	4,640	1,232
16,800	4,646	1,247
16,820	4,652	1,263
16,840	4,658	1,279
16,860	4,663	1,283
16,880	4,669	1,310
16,900	4,675	1,330
16,920	4,680	1,348
16,940	4,686	1,366
16,960	4,692	1,385
16,980	4,697	1,404
17,000	4,703	1,422
17,020	4,709	1,442
17,040	4,715	1,461
17,060	4,720	1,480
17,080	4,726	1,500
17,100	4,732	1,520
17,120	4,738	1,539
17,140	4,743	1,558
17,160	4,749	1,578
17,180	4,755	1,597
17,200	4,761	1,616
17,220	4,767	1,654
17,240	4,773	1,668
17,260	4,778	1,677
17,280	4,784	1,698
17,300	4,790	1,718
17,320	4,795	1,740
17,340	4,801	1,761
17,360	4,807	1,784
17,380	4,813	1,807
17,400	4,819	1,829
17,420	4,825	1,853
17,440	4,830	1,877
17,460	4,836	1,901
17,480	4,842	1,926
17,500	4,847	1,951
17,520	4,853	1,976
17,540	4,859	2,000
17,560	4,865	2,027
17,580	4,870	2,051
17,600	4,877	2,028
17,620	4,882	2,098
17,640	4,888	2,129
17,660	4,894	2,156
17,680	4,899	2,183
17,700	4,905	2,210
17,720	4,911	2,237
17,740	4,917	2,264
17,760	4,922	2,292
17,780	4,928	2,320
17,800	4,934	2,349
17,820	4,939	2,377
17,840	4,945	2,406
17,860	4,951	2,435
17,880	4,957	2,463
17,900	4,963	2,494
17,920	4,968	2,522
17,940	4,974	2,552
17,960	4,980	2,583
17,980	4,986	2,613
18,000	4,992	2,643
18,020	4,997	2,674
18,040	5,003	2,704
18,060	5,009	2,736
18,080	5,014	2,767
18,100	5,020	2,798
18,120	5,026	2,831
18,140	5,032	2,862
18,160	5,038	2,895
18,180	5,044	2,927
18,200	5,049	2,959
18,220	5,054	2,992
18,240	5,061	3,025
18,260	5,066	3,058
18,280	5,072	3,091
18,300	5,078	3,125
18,320	5,084	3,161
18,340	5,089	3,215
18,360	5,095	3,228
18,380	5,101	3,261
18,400	5,107	3,295
18,420	5,112	3,329
18,440	5,118	3,363
18,460	5,124	3,399
18,480	5,130	3,433
18,500	5,136	3,469
18,520	5,141	3,503
18,540	5,147	3,539
18,560	5,153	3,574
18,580	5,159	3,609
18,600	5,164	3,644
18,620	5,170	3,680
18,640	5,176	3,716
18,660	5,181	3,751
18,680	5,188	3,788
18,700	5,193	3,870
18,720	5,199	3,867
18,740	5,205	3,894
18,760	5,211	3,929
18,780	5,216	3,962
18,800	5,221	3,996
18,820	5,227	4,030
18,840	5,234	4,064
18,860	5,239	4,097
18,880	5,245	4,130
18,900	5,250	4,161
18,920	5,256	4,194
18,940	5,262	4,225
18,960	5,268	4,256
18,980	5,274	4,286
19,000	5,279	4,315
19,020	5,285	4,345
19,040	5,291	4,373
19,060	5,297	4,354
19,080	5,302	4,384
19,100	5,307	4,453
19,120	5,313	4,483
19,140	5,319	4,510
19,160	5,325	4,536
19,180	5,331	4,562
19,200	5,336	4,588
19,220	5,342	4,615
19,240	5,348	4,640
19,260	5,353	4,665
19,280	5,360	4,693
19,300	5,365	4,719
19,320	5,371	4,746
19,340	5,377	4,772
19,360	5,383	4,799
19,380	5,388	4,824
19,400	5,393	4,850
19,420	5,399	4,875
19,440	5,405	4,901
19,460	5,411	4,926
19,480	5,417	4,950
19,500	5,422	4,973
19,520	5,428	4,997
19,540	5,434	5,020
19,560	5,440	5,042
19,580	5,446	5,063
19,600	5,451	5,084
19,620	5,457	5,104
19,640	5,463	5,125
19,660	5,468	5,144
19,680	5,475	5,163
19,700	5,480	5,180
19,720	5,486	5,198
19,740	5,491	5,215
19,760	5,497	5,231
19,780	5,503	5,247
19,800	5,509	5,278
19,820	5,515	5,288
19,840	5,520	5,294
19,860	5,526	5,309
19,880	5,532	5,324
19,900	5,538	5,338
19,920	5,543	5,353
19,940	5,549	5,367
19,960	5,554	5,380
19,980	5,561	5,396
20,000	5,566	5,409
20,020	5,572	5,423
20,040	5,578	5,436
20,060	5,584	5,450
20,080	5,589	5,464
20,100	5,595	5,477
20,120	5,601	5,488
20,140	5,607	5,501
20,160	5,612	5,512
20,180	5,618	5,512
20,200	5,623	5,534
20,220	5,628	5,545
20,240	5,634	5,554
20,260	5,640	5,563
20,280	5,646	5,573
20,300	5,651	5,582
20,320	5,657	5,589
20,340	5,663	5,597
20,360	5,669	5,604
20,380	5,675	5,612
20,400	5,680	5,617
20,420	5,686	5,624
20,440	5,691	5,629
20,460	5,697	5,633
20,480	5,703	5,639
20,500	5,708	5,643
20,520	5,714	5,647
20,540	5,720	5,670
20,560	5,725	5,660
20,580	5,732	5,658
20,600	5,737	5,658
20,620	5,743	5,660
20,640	5,749	5,661
20,660	5,755	5,664
20,680	5,760	5,663
20,700	5,766	5,663
20,720	5,772	5,662
20,740	5,778	5,662
20,760	5,783	5,660
20,780	5,789	5,658
20,800	5,795	5,654
20,820	5,800	5,651
20,840	5,806	5,648
20,860	5,812	5,643
20,880	5,817	5,639
20,900	5,823	5,634
20,920	5,829	5,625
20,940	5,835	5,620
20,960	5,841	5,614
20,980	5,846	5,607
21,000	5,852	5,599
21,020	5,858	5,592
21,040	5,863	5,582
21,060	5,869	5,574
21,080	5,875	5,565
21,100	5,880	5,555
21,120	5,886	5,546
21,140	5,892	5,535
21,160	5,898	5,524
21,180	5,904	5,513
21,200	5,910	5,502
21,220	5,915	5,490
21,240	5,921	5,479
21,260	5,926	5,468
21,280	5,932	5,470
21,300	5,938	5,452
21,320	5,944	5,442
21,340	5,949	5,435
21,360	5,955	5,431
21,380	5,960	5,430
21,400	5,966	5,431
21,420	5,972	5,434
21,440	5,977	5,440
21,460	5,983	5,447
21,480	5,989	5,456
21,500	5,995	5,466
21,520	6,001	5,475
21,540	6,006	5,482
21,560	6,012	5,489
21,580	6,018	5,495
21,600	6,023	5,498
21,620	6,030	5,499
21,640	6,035	5,474
21,660	6,041	5,466
21,680	6,046	5,486
21,700	6,052	5,480
21,720	6,057	5,471
21,740	6,064	5,461
21,760	6,069	5,451
21,780	6,075	5,439
21,800	6,081	5,426
21,820	6,087	5,412
21,840	6,092	5,397
21,860	6,098	5,383
21,880	6,104	5,367
21,900	6,109	5,352
21,920	6,115	5,337
21,940	6,121	5,323
21,960	6,126	5,310
21,980	6,132	5,299
22,000	6,138	5,289
22,020	6,144	5,328
22,040	6,149	5,283
22,060	6,155	5,277
22,080	6,161	5,278
22,100	6,167	5,283
22,120	6,172	5,289
22,140	6,178	5,299
22,160	6,184	5,311
22,180	6,189	5,323
22,200	6,195	5,335
22,220	6,201	5,348
22,240	6,207	5,359
22,260	6,212	5,368
22,280	6,218	5,378
22,300	6,224	5,384
22,320	6,229	5,389
22,340	6,236	5,390
22,360	6,241	5,390
22,380	6,246	5,363
22,400	6,252	5,374
22,420	6,257	5,383
22,440	6,263	5,381
22,460	6,269	5,377
22,480	6,275	5,374
22,500	6,280	5,370
22,520	6,286	5,367
22,540	6,291	5,363
22,560	6,297	5,361
22,580	6,303	5,361
22,600	6,309	5,360
22,620	6,314	5,360
22,640	6,320	5,361
22,660	6,326	5,364
22,680	6,331	5,368
22,700	6,337	5,372
22,720	6,343	5,379
22,740	6,349	5,386
22,760	6,355	5,394
22,780	6,360	5,403
22,800	6,365	5,414
22,820	6,372	5,426
22,840	6,377	5,438
22,860	6,383	5,450
22,880	6,389	5,462
22,900	6,395	5,475
22,920	6,400	5,488
22,940	6,406	5,500
22,960	6,412	5,512
22,980	6,418	5,524
23,000	6,423	5,534
23,020	6,429	5,544
23,040	6,434	5,556
23,060	6,440	5,565
23,080	6,446	5,575
23,100	6,452	5,586
23,120	6,458	5,615
23,140	6,463	5,612
23,160	6,469	5,618
23,180	6,475	5,629
23,200	6,480	5,641
23,220	6,486	5,653
23,240	6,491	5,667
23,260	6,497	5,682
23,280	6,503	5,698
23,300	6,509	5,715
23,320	6,515	5,732
23,340	6,520	5,750
23,360	6,526	5,768
23,380	6,532	5,788
23,400	6,537	5,807
23,420	6,543	5,826
23,440	6,549	5,847
23,460	6,554	5,869
23,480	6,560	5,889
23,500	6,566	5,902
23,520	6,571	5,934
23,540	6,577	5,957
23,560	6,582	5,979
23,580	6,588	6,003
23,600	6,594	6,026
23,620	6,600	6,050
23,640	6,605	6,074
23,660	6,611	6,099
23,680	6,616	6,122
23,700	6,623	6,149
23,720	6,628	6,175
23,740	6,633	6,200
23,760	6,639	6,228
23,780	6,645	6,255
23,800	6,651	6,283
23,820	6,656	6,311
23,840	6,662	6,339
23,860	6,668	6,346
23,880	6,674	6,395
23,900	6,679	6,429
23,920	6,685	6,460
23,940	6,691	6,491
23,960	6,696	6,523
23,980	6,702	6,556
24,000	6,708	6,589
24,020	6,714	6,622
24,040	6,719	6,656
24,060	6,725	6,690
24,080	6,731	6,724
24,100	6,736	6,759
24,120	6,742	6,795
24,140	6,748	6,832
24,160	6,753	6,868
24,180	6,759	6,905
24,200	6,765	6,943
24,220	6,770	6,999
24,240	6,776	7,042
24,260	6,782	7,061
24,280	6,788	7,099
24,300	6,793	7,139
24,320	6,799	7,180
24,340	6,805	7,221
24,360	6,810	7,262
24,380	6,816	7,304
24,400	6,822	7,348
24,420	6,827	7,391
24,440	6,833	7,434
24,460	6,839	7,478
24,480	6,845	7,523
24,500	6,850	7,567
24,520	6,856	7,614
24,540	6,862	7,660
24,560	6,867	7,706
24,580	6,873	7,753
24,600	6,878	7,742
24,620	6,884	7,843
24,640	6,889	7,897
24,660	6,895	7,948
24,680	6,901	7,997
24,700	6,907	8,048
24,720	6,912	8,098
24,740	6,918	8,148
24,760	6,923	8,199
24,780	6,929	8,251
24,800	6,935	8,303
24,820	6,941	8,354
24,840	6,946	8,408
24,860	6,952	8,459
24,880	6,958	8,513
24,900	6,964	8,566
24,920	6,969	8,619
24,940	6,975	8,673
24,960	6,980	8,734
24,980	6,986	8,784
25,000	6,991	8,833
25,020	6,998	8,887
25,040	7,003	8,942
25,060	7,009	8,995
25,080	7,015	9,049
25,100	7,021	9,103
25,120	7,026	9,158
25,140	7,032	9,213
25,160	7,037	9,267
25,180	7,043	9,321
25,200	7,049	9,375
25,220	7,055	9,429
25,240	7,060	9,485
25,260	7,066	9,540
25,280	7,071	9,593
25,300	7,077	9,647
25,320	7,083	9,701
25,340	7,089	9,818
25,360	7,094	9,794
25,380	7,100	9,828
25,400	7,106	9,864
25,420	7,111	9,897
25,440	7,117	9,925
25,460	7,123	9,949
25,480	7,129	9,968
25,500	7,134	9,983
25,520	7,140	9,991
25,540	7,145	9,992
25,560	7,151	9,991
25,580	7,157	9,991
25,600	7,162	9,991
25,620	7,169	9,991
25,640	7,174	9,991
25,660	7,180	9,991
25,680	7,185	9,991
25,700	7,190	9,991
25,720	7,196	9,991
25,740	7,201	9,991
25,760	7,207	9,991
25,780	7,213	9,991
25,800	7,218	9,991
25,820	7,224	9,991
25,840	7,230	9,991
25,860	7,236	9,991
25,880	7,241	9,991
25,900	7,247	9,991
25,920	7,253	9,991
25,940	7,259	9,991
25,960	7,264	9,991
25,980	7,270	9,991
26,000	7,275	9,991
26,020	7,281	9,991
26,040	7,287	9,991
26,060	7,293	9,991
26,080	7,298	9,991
26,100	7,304	9,991
26,120	7,310	9,991
26,140	7,316	9,991
26,160	7,321	9,991
26,180	7,326	9,991
26,200	7,332	9,991
26,220	7,338	9,991
26,240	7,344	9,991
26,260	7,350	9,991
26,280	7,355	9,991
26,300	7,360	9,991
26,320	7,367	9,991
26,340	7,372	9,991
26,360	7,377	9,991
26,380	7,383	9,991
26,400	7,389	9,991
26,420	7,395	9,991
26,440	7,400	9,991
26,460	7,406	9,991
26,480	7,412	9,991
26,500	7,417	9,991
26,520	7,423	9,991
26,540	7,429	9,991
26,560	7,435	9,991
26,580	7,440	9,991
26,600	7,446	9,991
26,620	7,451	9,991
26,640	7,457	9,991
26,660	7,463	9,991
26,680	7,469	9,991
26,700	7,474	9,991
26,720	7,480	9,991
26,740	7,485	9,991
26,760	7,491	9,991
26,780	7,497	9,991
26,800	7,502	9,991
26,820	7,508	9,991
26,840	7,514	9,991
26,860	7,519	9,991
26,880	7,525	9,991
26,900	7,531	9,991
26,920	7,536	9,991
26,940	7,542	9,991
26,960	7,548	9,991
26,980	7,553	9,991
27,000	7,559	9,991
27,020	7,564	9,991
27,040	7,570	9,991
27,060	7,576	9,991
27,080	7,582	9,991
27,100	7,588	9,991
27,120	7,593	9,991
27,140	7,599	9,991
27,160	7,604	9,991
27,180	7,610	9,991
27,200	7,616	9,991
